H	Ext	Back	LR	SR	
498.75	5.0587327E-5	1.0117465E-6	50	1.6705273	
502.5	5.0564909E-5	1.0112982E-6	50	1.6703584	
506.25	5.0622217E-5	1.0124443E-6	50	1.6712466	
510	5.089785E-5	1.017957E-6	50	1.6750307	
513.75	5.1088569E-5	1.0217714E-6	50	1.6776899	
517.5	5.1197216E-5	1.0239443E-6	50	1.6792614	
521.25	5.1340666E-5	1.0268133E-6	50	1.6812953	
525	5.1501157E-5	1.0300231E-6	50	1.6835562	
528.75	5.1655607E-5	1.0331121E-6	50	1.6857378	
532.5	5.188529E-5	1.0377058E-6	50	1.6889193	
536.25	5.2148977E-5	1.0429795E-6	50	1.6925536	
540	5.2178856E-5	1.0435771E-6	50	1.6930837	
543.75	5.216216E-5	1.0432432E-6	50	1.6929953	
547.5	5.2361414E-5	1.0472283E-6	50	1.6957765	
551.25	5.2547764E-5	1.0509553E-6	50	1.6983873	
555	5.277505E-5	1.055501E-6	50	1.7015433	
558.75	5.2902726E-5	1.0580545E-6	50	1.7033762	
562.5	5.2815762E-5	1.0563152E-6	50	1.7023555	
566.25	5.2764887E-5	1.0552977E-6	50	1.7018145	
570	5.2957294E-5	1.0591459E-6	50	1.7045098	
573.75	5.322173E-5	1.0644346E-6	50	1.7081646	
577.5	5.3324676E-5	1.0664935E-6	50	1.7096717	
581.25	5.3385431E-5	1.0677086E-6	50	1.7106177	
585	5.3518866E-5	1.0703773E-6	50	1.7125318	
588.75	5.3487167E-5	1.0697433E-6	50	1.7122476	
592.5	5.3311009E-5	1.0662202E-6	50	1.7100392	
596.25	5.3385824E-5	1.0677165E-6	50	1.7111733	
600	5.3564832E-5	1.0712966E-6	50	1.713696	
603.75	5.3633246E-5	1.0726649E-6	50	1.7147459	
607.5	5.3814892E-5	1.0762978E-6	50	1.7173053	
611.25	5.3812253E-5	1.0762451E-6	50	1.7174088	
615	5.3596947E-5	1.0719389E-6	50	1.7146765	
618.75	5.3609017E-5	1.0721803E-6	50	1.7149755	
622.5	5.3523572E-5	1.0704714E-6	50	1.7139736	
626.25	5.3296635E-5	1.0659327E-6	50	1.7110835	
630	5.3218345E-5	1.0643669E-6	50	1.7101758	
633.75	5.3098431E-5	1.0619686E-6	50	1.7087119	
637.5	5.287166E-5	1.0574332E-6	50	1.7058209	
641.25	5.290476E-5	1.0580952E-6	50	1.7063984	
645	5.3081518E-5	1.0616304E-6	50	1.7088944	
648.75	5.3077958E-5	1.0615592E-6	50	1.7089826	
652.5	5.3135173E-5	1.0627035E-6	50	1.7098826	
656.25	5.3119928E-5	1.0623986E-6	50	1.7098144	
660	5.2855566E-5	1.0571113E-6	50	1.7064165	
663.75	5.2757816E-5	1.0551563E-6	50	1.7052443	
667.5	5.2840499E-5	1.05681E-6	50	1.7064838	
671.25	5.2962889E-5	1.0592578E-6	50	1.7082545	
675	5.3083694E-5	1.0616739E-6	50	1.7100045	
678.75	5.3041592E-5	1.0608318E-6	50	1.7095756	
682.5	5.2956146E-5	1.0591229E-6	50	1.7085665	
686.25	5.2851153E-5	1.0570231E-6	50	1.7072953	
690	5.2864495E-5	1.0572899E-6	50	1.7076074	
693.75	5.2927616E-5	1.0585523E-6	50	1.708586	
697.5	5.2803858E-5	1.0560772E-6	50	1.7070625	
701.25	5.2637896E-5	1.0527579E-6	50	1.7049732	
705	5.2619815E-5	1.0523963E-6	50	1.704864	
708.75	5.2502867E-5	1.0500573E-6	50	1.7034302	
712.5	5.2196822E-5	1.0439364E-6	50	1.6994618	
716.25	5.2029047E-5	1.0405809E-6	50	1.6973453	
720	5.1850792E-5	1.0370158E-6	50	1.6950875	
723.75	5.1603338E-5	1.0320668E-6	50	1.6919011	
727.5	5.1426511E-5	1.0285302E-6	50	1.6896608	
731.25	5.144858E-5	1.0289716E-6	50	1.6900876	
735	5.1535874E-5	1.0307175E-6	50	1.6913898	
738.75	5.1423751E-5	1.028475E-6	50	1.6900168	
742.5	5.1091254E-5	1.0218251E-6	50	1.6856859	
746.25	5.0966102E-5	1.019322E-6	50	1.6841368	
750	5.0934213E-5	1.0186843E-6	50	1.6838396	
753.75	5.0582015E-5	1.0116403E-6	50	1.6792412	
757.5	5.0374284E-5	1.0074857E-6	50	1.6765817	
761.25	5.0302183E-5	1.0060437E-6	50	1.6757435	
765	5.005404E-5	1.0010808E-6	50	1.6725398	
768.75	4.9780839E-5	9.9561678E-7	50	1.6689984	
772.5	4.949768E-5	9.899536E-7	50	1.665322	
776.25	4.9141169E-5	9.8282339E-7	50	1.6606582	
780	4.8744947E-5	9.7489895E-7	50	1.6554587	
783.75	4.8380805E-5	9.676161E-7	50	1.6506889	
787.5	4.8000034E-5	9.6000068E-7	50	1.6456936	
791.25	4.7548373E-5	9.5096746E-7	50	1.6397426	
795	4.712844E-5	9.4256881E-7	50	1.6342164	
798.75	4.6609542E-5	9.3219084E-7	50	1.627356	
802.5	4.5960988E-5	9.1921975E-7	50	1.6187475	
806.25	4.543589E-5	9.087178E-7	50	1.611798	
810	4.511361E-5	9.022722E-7	50	1.6075773	
813.75	4.4766163E-5	8.9532326E-7	50	1.6030159	
817.5	4.4442515E-5	8.888503E-7	50	1.5987732	
821.25	4.4154915E-5	8.830983E-7	50	1.5950147	
825	4.3662926E-5	8.7325852E-7	50	1.5884998	
828.75	4.2956864E-5	8.5913728E-7	50	1.5790963	
832.5	4.2561737E-5	8.5123475E-7	50	1.5738816	
836.25	4.2243506E-5	8.4487012E-7	50	1.5697017	
840	4.1717852E-5	8.3435705E-7	50	1.5627221	
843.75	4.1113256E-5	8.2226512E-7	50	1.5546746	
847.5	4.0544555E-5	8.108911E-7	50	1.5471082	
851.25	4.0291369E-5	8.0582738E-7	50	1.543797	
855	3.9972872E-5	7.9945744E-7	50	1.5396027	
858.75	3.9559578E-5	7.9119156E-7	50	1.5341267	
862.5	3.9490094E-5	7.8980188E-7	50	1.5332913	
866.25	3.9175723E-5	7.8351446E-7	50	1.5291478	
870	3.851189E-5	7.702378E-7	50	1.5202813	
873.75	3.8104502E-5	7.6209003E-7	50	1.5148765	
877.5	3.7799759E-5	7.5599518E-7	50	1.5108567	
881.25	3.734505E-5	7.4690099E-7	50	1.5048081	
885	3.6935699E-5	7.3871397E-7	50	1.4993703	
888.75	3.674899E-5	7.349798E-7	50	1.496941	
892.5	3.6488409E-5	7.2976817E-7	50	1.4935116	
896.25	3.5927904E-5	7.1855809E-7	50	1.4860235	
900	3.5282752E-5	7.0565503E-7	50	1.4773871	
903.75	3.4824868E-5	6.9649736E-7	50	1.4712817	
907.5	3.4522805E-5	6.9045611E-7	50	1.467283	
911.25	3.4128423E-5	6.8256846E-7	50	1.4620329	
915	3.3720709E-5	6.7441417E-7	50	1.4566003	
918.75	3.3386468E-5	6.6772936E-7	50	1.4521606	
922.5	3.3079532E-5	6.6159064E-7	50	1.4480891	
926.25	3.2735354E-5	6.5470707E-7	50	1.4435115	
930	3.2390378E-5	6.4780756E-7	50	1.4389213	
933.75	3.1917313E-5	6.3834626E-7	50	1.4325933	
937.5	3.1364232E-5	6.2728463E-7	50	1.4251783	
941.25	3.0895223E-5	6.1790447E-7	50	1.4189003	
945	3.0611563E-5	6.1223127E-7	50	1.4151335	
948.75	3.0259051E-5	6.0518103E-7	50	1.4104315	
952.5	2.9801697E-5	5.9603394E-7	50	1.4043053	
956.25	2.9604731E-5	5.9209461E-7	50	1.4017101	
960	2.9515649E-5	5.9031299E-7	50	1.4005781	
963.75	2.924852E-5	5.8497041E-7	50	1.3970288	
967.5	2.895343E-5	5.7906859E-7	50	1.3930985	
971.25	2.8652962E-5	5.7305924E-7	50	1.3890938	
975	2.8271819E-5	5.6543638E-7	50	1.3839917	
978.75	2.8021037E-5	5.6042073E-7	50	1.3806587	
982.5	2.7882451E-5	5.5764901E-7	50	1.3788489	
986.25	2.7578453E-5	5.5156906E-7	50	1.3747904	
990	2.7260252E-5	5.4520504E-7	50	1.3705374	
993.75	2.7112303E-5	5.4224607E-7	50	1.3685973	
997.5	2.705109E-5	5.410218E-7	50	1.3678359	
1001.25	2.7201201E-5	5.4402401E-7	50	1.3699483	
1005	2.7253274E-5	5.4506548E-7	50	1.370728	
1008.75	2.6879808E-5	5.3759617E-7	50	1.3657182	
1012.5	2.6774927E-5	5.3549854E-7	50	1.3643614	
1016.25	2.7040027E-5	5.4080054E-7	50	1.36804	
1020	2.6997497E-5	5.3994993E-7	50	1.367532	
1023.75	2.670033E-5	5.340066E-7	50	1.3635566	
1027.5	2.6740398E-5	5.3480797E-7	50	1.3641725	
1031.25	2.69622E-5	5.3924401E-7	50	1.367264	
1035	2.6972513E-5	5.3945026E-7	50	1.3674754	
1038.75	2.69111E-5	5.3822199E-7	50	1.3667095	
1042.5	2.7148504E-5	5.4297009E-7	50	1.370016	
1046.25	2.7417829E-5	5.4835659E-7	50	1.3737588	
1050	2.7431177E-5	5.4862353E-7	50	1.374013	
1053.75	2.7485767E-5	5.4971534E-7	50	1.3748297	
1057.5	2.776054E-5	5.5521079E-7	50	1.3786499	
1061.25	2.8100322E-5	5.6200645E-7	50	1.3833586	
1065	2.832863E-5	5.665726E-7	50	1.3865479	
1068.75	2.8529308E-5	5.7058615E-7	50	1.3893614	
1072.5	2.8798065E-5	5.7596129E-7	50	1.3931053	
1076.25	2.9211574E-5	5.8423148E-7	50	1.3988269	
1080	2.9651632E-5	5.9303263E-7	50	1.4049132	
1083.75	2.9882772E-5	5.9765544E-7	50	1.4081485	
1087.5	3.0017818E-5	6.0035636E-7	50	1.4100722	
1091.25	3.0299931E-5	6.0599863E-7	50	1.4140062	
1095	3.0659156E-5	6.1318312E-7	50	1.4189955	
1098.75	3.0886769E-5	6.1773538E-7	50	1.4221877	
1102.5	3.1168301E-5	6.2336601E-7	50	1.4261183	
1106.25	3.159858E-5	6.319716E-7	50	1.4320844	
1110	3.1778861E-5	6.3557721E-7	50	1.4346336	
1113.75	3.1862424E-5	6.3724848E-7	50	1.4358608	
1117.5	3.2055217E-5	6.4110435E-7	50	1.4385829	
1121.25	3.2139184E-5	6.4278369E-7	50	1.4398168	
1125	3.2249433E-5	6.4498867E-7	50	1.4414109	
1128.75	3.2548114E-5	6.5096228E-7	50	1.4455853	
1132.5	3.2663612E-5	6.5327224E-7	50	1.447253	
1136.25	3.2830059E-5	6.5660118E-7	50	1.4496191	
1140	3.3278393E-5	6.6556786E-7	50	1.4558473	
1143.75	3.3449516E-5	6.6899031E-7	50	1.4582801	
1147.5	3.3703433E-5	6.7406866E-7	50	1.4618483	
1151.25	3.4232967E-5	6.8465935E-7	50	1.4691955	
1155	3.4461443E-5	6.8922886E-7	50	1.4724184	
1158.75	3.4566111E-5	6.9132221E-7	50	1.4739451	
1162.5	3.4875663E-5	6.9751325E-7	50	1.4782821	
1166.25	3.5314161E-5	7.0628321E-7	50	1.4843895	
1170	3.5942916E-5	7.1885832E-7	50	1.4931094	
1173.75	3.6525845E-5	7.3051691E-7	50	1.5012039	
1177.5	3.7017834E-5	7.4035668E-7	50	1.5080535	
1181.25	3.7851231E-5	7.5702463E-7	50	1.5195924	
1185	3.8253323E-5	7.6506647E-7	50	1.5252139	
1188.75	3.8533041E-5	7.7066082E-7	50	1.5291572	
1192.5	3.9634506E-5	7.9269013E-7	50	1.5443889	
1196.25	4.0692355E-5	8.138471E-7	50	1.5590274	
1200	4.1249655E-5	8.249931E-7	50	1.5667938	
1203.75	4.205661E-5	8.411322E-7	50	1.5779943	
1207.5	4.3234833E-5	8.6469665E-7	50	1.5943026	
1211.25	4.4070091E-5	8.8140182E-7	50	1.605902	
1215	4.5080198E-5	9.0160396E-7	50	1.6199105	
1218.75	4.6791006E-5	9.3582011E-7	50	1.6435618	
1222.5	4.8137865E-5	9.6275729E-7	50	1.6622157	
1226.25	4.9199294E-5	9.8398587E-7	50	1.6769497	
1230	5.0531395E-5	1.0106279E-6	50	1.6954144	
1233.75	5.1493142E-5	1.0298628E-6	50	1.7087887	
1237.5	5.2718038E-5	1.0543608E-6	50	1.7257911	
1241.25	5.425907E-5	1.0851814E-6	50	1.7471534	
1245	5.5439102E-5	1.108782E-6	50	1.7635521	
1248.75	5.6821884E-5	1.1364377E-6	50	1.7827502	
1252.5	5.8554506E-5	1.1710901E-6	50	1.8067761	
1256.25	6.0001799E-5	1.200036E-6	50	1.8268792	
1260	6.103573E-5	1.2207146E-6	50	1.8412925	
1263.75	6.2193542E-5	1.2438708E-6	50	1.8574193	
1267.5	6.3505116E-5	1.2701023E-6	50	1.8756726	
1271.25	6.4513559E-5	1.2902712E-6	50	1.8897522	
1275	6.5401348E-5	1.308027E-6	50	1.9021728	
1278.75	6.6309135E-5	1.3261827E-6	50	1.9148741	
1282.5	6.7017336E-5	1.3403467E-6	50	1.924826	
1286.25	6.7932895E-5	1.3586579E-6	50	1.9376436	
1290	6.9054585E-5	1.3810917E-6	50	1.9533118	
1293.75	6.9588846E-5	1.3917769E-6	50	1.9608746	
1297.5	7.0083188E-5	1.4016638E-6	50	1.9678889	
1301.25	7.1120398E-5	1.422408E-6	50	1.9824044	
1305	7.2074293E-5	1.4414859E-6	50	1.9957742	
1308.75	7.285562E-5	1.4571124E-6	50	2.0067642	
1312.5	7.3820956E-5	1.4764191E-6	50	2.0203015	
1316.25	7.4578933E-5	1.4915787E-6	50	2.030977	
1320	7.5402111E-5	1.5080422E-6	50	2.0425579	
1323.75	7.6340878E-5	1.5268176E-6	50	2.0557413	
1327.5	7.7327397E-5	1.5465479E-6	50	2.0695899	
1331.25	7.9018537E-5	1.5803707E-6	50	2.0931916	
1335	7.9931402E-5	1.598628E-6	50	2.1060329	
1338.75	8.0179264E-5	1.6035853E-6	50	2.1096752	
1342.5	8.1027159E-5	1.6205432E-6	50	2.1216247	
1346.25	8.1901744E-5	1.6380349E-6	50	2.133948	
1350	8.2605339E-5	1.6521068E-6	50	2.143908	
1353.75	8.3532887E-5	1.6706577E-6	50	2.1569735	
1357.5	8.439247E-5	1.6878494E-6	50	2.1691024	
1361.25	8.530506E-5	1.7061012E-6	50	2.1819703	
1365	8.6322989E-5	1.7264598E-6	50	2.1963029	
1368.75	8.7460849E-5	1.749217E-6	50	2.2123033	
1372.5	8.8596338E-5	1.7719268E-6	50	2.228277	
1376.25	8.9570787E-5	1.7914157E-6	50	2.2420239	
1380	9.0485124E-5	1.8097025E-6	50	2.2549424	
1383.75	9.1293671E-5	1.8258734E-6	50	2.2663986	
1387.5	9.1990689E-5	1.8398138E-6	50	2.276312	
1391.25	9.2914961E-5	1.8582992E-6	50	2.2893831	
1395	9.3971255E-5	1.8794251E-6	50	2.3042918	
1398.75	9.4197533E-5	1.8839507E-6	50	2.3076842	
1402.5	9.4453653E-5	1.8890731E-6	50	2.3114925	
1406.25	9.5555289E-5	1.9111058E-6	50	2.3270451	
1410	9.6249135E-5	1.9249827E-6	50	2.3369398	
1413.75	9.6716423E-5	1.9343285E-6	50	2.3436912	
1417.5	9.7378856E-5	1.9475771E-6	50	2.3531576	
1421.25	9.7976192E-5	1.9595238E-6	50	2.3617235	
1425	9.8630615E-5	1.9726123E-6	50	2.3710869	
1428.75	9.8984014E-5	1.9796803E-6	50	2.376269	
1432.5	9.8899721E-5	1.9779944E-6	50	2.3753667	
1436.25	9.9091454E-5	1.9818291E-6	50	2.3783039	
1440	9.9596578E-5	1.9919316E-6	50	2.3856025	
1443.75	9.9518284E-5	1.9903657E-6	50	2.3847861	
1447.5	9.9691663E-5	1.9938333E-6	50	2.3874724	
1451.25	0.00010054745	2.010949E-6	50	2.3996593	
1455	0.00010075616	2.0151233E-6	50	2.4028419	
1458.75	0.00010063617	2.0127235E-6	50	2.4014485	
1462.5	0.00010127614	2.0255227E-6	50	2.4106397	
1466.25	0.00010179148	2.0358297E-6	50	2.4180985	
1470	0.00010154525	2.030905E-6	50	2.4149483	
1473.75	0.00010173359	2.0346719E-6	50	2.4178534	
1477.5	0.00010234809	2.0469618E-6	50	2.4267001	
1481.25	0.00010279225	2.055845E-6	50	2.4331752	
1485	0.00010332369	2.0664737E-6	50	2.4408697	
1488.75	0.00010366371	2.0732742E-6	50	2.4458972	
1492.5	0.00010393357	2.0786715E-6	50	2.4499477	
1496.25	0.0001045722	2.091444E-6	50	2.4591449	
1500	0.00010519877	2.1039754E-6	50	2.4681771	
1503.75	0.0001053544	2.107088E-6	50	2.4706385	
1507.5	0.00010548073	2.1096147E-6	50	2.4726915	
1511.25	0.00010606455	2.121291E-6	50	2.4811331	
1515	0.00010682638	2.1365276E-6	50	2.4920639	
1518.75	0.00010712384	2.1424768E-6	50	2.4965112	
1522.5	0.00010730755	2.1461509E-6	50	2.4993703	
1526.25	0.00010799473	2.1598947E-6	50	2.5092664	
1530	0.00010853261	2.1706521E-6	50	2.5170787	
1533.75	0.00010878905	2.175781E-6	50	2.520959	
1537.5	0.0001092339	2.1846781E-6	50	2.527475	
1541.25	0.00010945472	2.1890944E-6	50	2.5308598	
1545	0.00010944335	2.1888671E-6	50	2.5309975	
1548.75	0.00010982691	2.1965381E-6	50	2.5366605	
1552.5	0.00011031848	2.2063697E-6	50	2.5438372	
1556.25	0.00011017186	2.2034372E-6	50	2.5420833	
1560	0.00011035687	2.2071373E-6	50	2.5449714	
1563.75	0.0001115066	2.230132E-6	50	2.5613689	
1567.5	0.00011197718	2.2395437E-6	50	2.5682609	
1571.25	0.00011167101	2.2334203E-6	50	2.5642747	
1575	0.00011151654	2.2303308E-6	50	2.5624123	
1578.75	0.00011152584	2.2305168E-6	50	2.562844	
1582.5	0.00011179718	2.2359436E-6	50	2.5669485	
1586.25	0.00011214106	2.2428212E-6	50	2.5720716	
1590	0.00011262983	2.2525966E-6	50	2.5792281	
1593.75	0.00011293517	2.2587034E-6	50	2.5838149	
1597.5	0.00011301589	2.2603178E-6	50	2.5852529	
1601.25	0.00011305355	2.2610709E-6	50	2.5860874	
1605	0.00011286074	2.2572147E-6	50	2.5836883	
1608.75	0.00011260143	2.2520287E-6	50	2.5803552	
1612.5	0.00011277985	2.2555971E-6	50	2.5831655	
1616.25	0.00011300616	2.2601232E-6	50	2.5866493	
1620	0.00011300975	2.2601949E-6	50	2.587007	
1623.75	0.00011313982	2.2627965E-6	50	2.5891416	
1627.5	0.00011321594	2.2643187E-6	50	2.590519	
1631.25	0.00011342346	2.2684692E-6	50	2.5937436	
1635	0.00011363073	2.2726145E-6	50	2.5969659	
1638.75	0.00011332612	2.2665224E-6	50	2.5929944	
1642.5	0.00011347094	2.2694188E-6	50	2.5953402	
1646.25	0.00011380842	2.2761683E-6	50	2.6003961	
1650	0.0001136494	2.272988E-6	50	2.598471	
1653.75	0.00011354649	2.2709297E-6	50	2.5973345	
1657.5	0.00011376432	2.2752864E-6	50	2.6007107	
1661.25	0.00011386611	2.2773222E-6	50	2.6024553	
1665	0.00011370364	2.2740727E-6	50	2.6004809	
1668.75	0.00011336563	2.2673125E-6	50	2.5960346	
1672.5	0.00011356572	2.2713144E-6	50	2.5991639	
1676.25	0.00011394602	2.2789204E-6	50	2.6048326	
1680	0.00011358331	2.2716661E-6	50	2.6000369	
1683.75	0.00011351061	2.2702121E-6	50	2.5993257	
1687.5	0.00011401715	2.280343E-6	50	2.6067772	
1691.25	0.00011434606	2.2869213E-6	50	2.611728	
1695	0.00011414803	2.2829605E-6	50	2.609252	
1698.75	0.00011346636	2.2693271E-6	50	2.5999556	
1702.5	0.00011322621	2.2645242E-6	50	2.5968827	
1706.25	0.00011364126	2.2728253E-6	50	2.603051	
1710	0.00011408088	2.2816176E-6	50	2.6095685	
1713.75	0.0001141743	2.283486E-6	50	2.611203	
1717.5	0.00011350082	2.2700164E-6	50	2.6020137	
1721.25	0.00011340287	2.2680574E-6	50	2.6009458	
1725	0.00011342331	2.2684663E-6	50	2.6015491	
1728.75	0.00011304333	2.2608665E-6	50	2.5964973	
1732.5	0.00011356017	2.2712035E-6	50	2.6041118	
1736.25	0.00011399774	2.2799547E-6	50	2.610609	
1740	0.00011360255	2.2720511E-6	50	2.6053408	
1743.75	0.00011310807	2.2621615E-6	50	2.598667	
1747.5	0.00011297003	2.2594007E-6	50	2.5970291	
1751.25	0.0001131107	2.2622139E-6	50	2.5993311	
1755	0.00011315293	2.2630585E-6	50	2.6002416	
1758.75	0.00011275037	2.2550074E-6	50	2.5948606	
1762.5	0.00011272483	2.2544967E-6	50	2.5948111	
1766.25	0.00011318648	2.2637296E-6	50	2.6016552	
1770	0.0001134743	2.269486E-6	50	2.6060413	
1773.75	0.00011358135	2.271627E-6	50	2.6078697	
1777.5	0.00011305635	2.2611269E-6	50	2.6007491	
1781.25	0.00011283631	2.2567262E-6	50	2.5979441	
1785	0.00011385094	2.2770189E-6	50	2.6126258	
1788.75	0.00011448533	2.2897065E-6	50	2.6219255	
1792.5	0.00011407248	2.2814496E-6	50	2.6163892	
1796.25	0.00011406671	2.2813342E-6	50	2.6166193	
1800	0.00011431037	2.2862075E-6	50	2.6203849	
1803.75	0.00011418194	2.2836387E-6	50	2.6188757	
1807.5	0.00011463244	2.2926487E-6	50	2.6255751	
1811.25	0.00011506154	2.3012307E-6	50	2.6319733	
1815	0.00011517697	2.3035394E-6	50	2.6339237	
1818.75	0.0001158528	2.3170559E-6	50	2.643826	
1822.5	0.00011645277	2.3290555E-6	50	2.6526554	
1826.25	0.00011631163	2.3262327E-6	50	2.6509682	
1830	0.00011637936	2.3275872E-6	50	2.6522456	
1833.75	0.00011691718	2.3383437E-6	50	2.6601986	
1837.5	0.00011755542	2.3511083E-6	50	2.6695807	
1841.25	0.00011803497	2.3606995E-6	50	2.6767124	
1845	0.00011834904	2.3669808E-6	50	2.6814956	
1848.75	0.00011909167	2.3818334E-6	50	2.692371	
1852.5	0.00011992518	2.3985036E-6	50	2.7045423	
1856.25	0.00012009999	2.4019998E-6	50	2.7073545	
1860	0.00012009891	2.4019782E-6	50	2.7076671	
1863.75	0.00012064426	2.4128853E-6	50	2.7157514	
1867.5	0.00012120341	2.4240682E-6	50	2.7240353	
1871.25	0.00012173244	2.4346487E-6	50	2.7318945	
1875	0.00012218402	2.4436803E-6	50	2.7386552	
1878.75	0.00012228839	2.4457679E-6	50	2.7404775	
1882.5	0.00012284555	2.4569111E-6	50	2.7487467	
1886.25	0.00012366502	2.4733005E-6	50	2.7607547	
1890	0.00012412435	2.4824871E-6	50	2.7676393	
1893.75	0.0001247773	2.4955459E-6	50	2.7772853	
1897.5	0.0001253038	2.506076E-6	50	2.7851343	
1901.25	0.00012560387	2.5120774E-6	50	2.7897607	
1905	0.00012601022	2.5202044E-6	50	2.7959041	
1908.75	0.00012641592	2.5283185E-6	50	2.8020413	
1912.5	0.00012678716	2.5357432E-6	50	2.80769	
1916.25	0.00012721412	2.5442824E-6	50	2.8141359	
1920	0.00012793835	2.558767E-6	50	2.8248248	
1923.75	0.00012834885	2.566977E-6	50	2.8310425	
1927.5	0.00012843167	2.5686333E-6	50	2.8325872	
1931.25	0.00012896606	2.5793213E-6	50	2.8405776	
1935	0.00012973252	2.5946503E-6	50	2.8518837	
1938.75	0.00013016027	2.6032055E-6	50	2.8583586	
1942.5	0.00013051763	2.6103525E-6	50	2.8638307	
1946.25	0.00013113003	2.6226006E-6	50	2.8729478	
1950	0.00013170689	2.6341377E-6	50	2.8815606	
1953.75	0.00013195757	2.6391513E-6	50	2.8855159	
1957.5	0.00013212913	2.6425825E-6	50	2.8883417	
1961.25	0.00013272949	2.6545898E-6	50	2.8972978	
1965	0.00013313349	2.6626699E-6	50	2.9034496	
1968.75	0.00013341739	2.6683478E-6	50	2.9078859	
1972.5	0.00013387816	2.6775633E-6	50	2.9148532	
1976.25	0.00013495333	2.6990666E-6	50	2.9306119	
1980	0.00013610061	2.7220122E-6	50	2.9474081	
1983.75	0.00013651434	2.7302868E-6	50	2.953712	
1987.5	0.00013710065	2.7420131E-6	50	2.962488	
1991.25	0.00013839308	2.7678615E-6	50	2.9813761	
1995	0.0001396199	2.7923979E-6	50	2.9993315	
1998.75	0.00014135952	2.8271903E-6	50	3.0246378	
2002.5	0.00014100237	2.8200473E-6	50	3.0199163	
2006.25	0.00013921584	2.7843167E-6	50	2.994712	
2010	0.0001396913	2.793826E-6	50	3.0019139	
2013.75	0.00014087738	2.8175476E-6	50	3.0193039	
2017.5	0.00014116058	2.8232116E-6	50	3.023756	
2021.25	0.00014175597	2.8351194E-6	50	3.032686	
2025	0.00014259659	2.8519318E-6	50	3.0451362	
2028.75	0.00014280293	2.8560586E-6	50	3.0484922	
2032.5	0.0001429166	2.8583319E-6	50	3.0505195	
2036.25	0.00014340193	2.8680386E-6	50	3.057881	
2040	0.00014394207	2.8788415E-6	50	3.0660318	
2043.75	0.00014460927	2.8921853E-6	50	3.0760095	
2047.5	0.00014494118	2.8988236E-6	50	3.0811766	
2051.25	0.00014545135	2.909027E-6	50	3.0889058	
2055	0.00014664246	2.9328491E-6	50	3.106419	
2058.75	0.00014748322	2.9496645E-6	50	3.1189057	
2062.5	0.00014734866	2.9469731E-6	50	3.1173818	
2066.25	0.00014773896	2.9547793E-6	50	3.1234012	
2070	0.00014894054	2.9788108E-6	50	3.1410854	
2073.75	0.0001501672	3.003344E-6	50	3.1591373	
2077.5	0.00015011157	3.0022314E-6	50	3.1587557	
2081.25	0.00014930301	2.9860601E-6	50	3.1475442	
2085	0.00014988038	2.9976076E-6	50	3.1562675	
2088.75	0.00014986829	2.9973657E-6	50	3.1565123	
2092.5	0.00014969336	2.9938673E-6	50	3.1544138	
2096.25	0.00015108637	3.0217274E-6	50	3.1748851	
2100	0.00015225311	3.0450621E-6	50	3.1921067	
2103.75	0.00015322166	3.0644332E-6	50	3.2064813	
2107.5	0.00015370401	3.0740802E-6	50	3.2138586	
2111.25	0.00015412039	3.0824079E-6	50	3.2202886	
2115	0.00015467522	3.0935044E-6	50	3.228716	
2118.75	0.00015453109	3.0906219E-6	50	3.2270738	
2122.5	0.00015536043	3.1072085E-6	50	3.239463	
2126.25	0.00015676001	3.1352003E-6	50	3.2600788	
2130	0.00015663323	3.1326646E-6	50	3.258692	
2133.75	0.00015712377	3.1424753E-6	50	3.2662084	
2137.5	0.00015871338	3.1742675E-6	50	3.289583	
2141.25	0.00015916324	3.1832647E-6	50	3.2965216	
2145	0.00015970382	3.1940764E-6	50	3.3047723	
2148.75	0.00016100552	3.2201103E-6	50	3.3240123	
2152.5	0.00016149788	3.2299575E-6	50	3.3315754	
2156.25	0.00016195108	3.2390217E-6	50	3.3385761	
2160	0.00016274614	3.2549228E-6	50	3.3505168	
2163.75	0.00016283919	3.2567837E-6	50	3.3523212	
2167.5	0.00016308241	3.2616483E-6	50	3.3562961	
2171.25	0.00016342542	3.2685084E-6	50	3.3617145	
2175	0.00016373281	3.2746561E-6	50	3.3666201	
2178.75	0.00016409657	3.2819313E-6	50	3.3723426	
2182.5	0.00016400701	3.2801402E-6	50	3.3715123	
2186.25	0.00016426939	3.2853878E-6	50	3.3757716	
2190	0.00016560719	3.3121438E-6	50	3.3955891	
2193.75	0.00016585376	3.3170751E-6	50	3.3996259	
2197.5	0.00016492354	3.2984708E-6	50	3.3866348	
2201.25	0.00016561516	3.3123031E-6	50	3.397113	
2205	0.00016641579	3.3283158E-6	50	3.4091735	
2208.75	0.00016657639	3.3315278E-6	50	3.4119712	
2212.5	0.00016749438	3.3498876E-6	50	3.4257389	
2216.25	0.00016771794	3.3543589E-6	50	3.4294528	
2220	0.00016695063	3.3390125E-6	50	3.4188121	
2223.75	0.00016702627	3.3405254E-6	50	3.4203826	
2227.5	0.00016758566	3.3517132E-6	50	3.4289649	
2231.25	0.00016747794	3.3495588E-6	50	3.4278797	
2235	0.00016725523	3.3451046E-6	50	3.4251267	
2238.75	0.00016774534	3.3549069E-6	50	3.4327102	
2242.5	0.00016835113	3.3670226E-6	50	3.4419746	
2246.25	0.00016818926	3.3637851E-6	50	3.4401051	
2250	0.00016819693	3.3639385E-6	50	3.4406952	
2253.75	0.00016931855	3.386371E-6	50	3.4574532	
2257.5	0.00016972591	3.3945181E-6	50	3.4638488	
2261.25	0.00016893026	3.3786053E-6	50	3.45278	
2265	0.00016928874	3.3857748E-6	50	3.4584674	
2268.75	0.00016962219	3.3924437E-6	50	3.4637933	
2272.5	0.00016898524	3.3797048E-6	50	3.4550234	
2276.25	0.00016960099	3.3920198E-6	50	3.4644528	
2280	0.00017024081	3.4048161E-6	50	3.4742357	
2283.75	0.00016987684	3.3975368E-6	50	3.4694308	
2287.5	0.00017030325	3.406065E-6	50	3.4761157	
2291.25	0.0001716591	3.4331819E-6	50	3.4963194	
2295	0.00017210448	3.4420896E-6	50	3.5032883	
2298.75	0.0001717325	3.4346501E-6	50	3.4983689	
2302.5	0.00017119425	3.423885E-6	50	3.4910282	
2306.25	0.00017146766	3.4293532E-6	50	3.4954975	
2310	0.00017276145	3.455229E-6	50	3.5148219	
2313.75	0.00017273941	3.4547883E-6	50	3.5149962	
2317.5	0.00017301209	3.4602418E-6	50	3.5194624	
2321.25	0.00017293601	3.4587202E-6	50	3.5188508	
2325	0.00017176328	3.4352657E-6	50	3.5022631	
2328.75	0.00017208712	3.4417425E-6	50	3.5074754	
2332.5	0.00017266663	3.4533325E-6	50	3.5164159	
2336.25	0.00017270328	3.4540655E-6	50	3.5174472	
2340	0.00017345642	3.4691285E-6	50	3.5289252	
2343.75	0.00017399918	3.4799836E-6	50	3.53734	
2347.5	0.00017361268	3.4722536E-6	50	3.5322048	
2351.25	0.00017330893	3.4661786E-6	50	3.528275	
2355	0.00017363657	3.4727314E-6	50	3.5335566	
2358.75	0.00017512496	3.5024993E-6	50	3.5557806	
2362.5	0.00017715885	3.543177E-6	50	3.5859762	
2366.25	0.0001766479	3.5329579E-6	50	3.5790298	
2370	0.00017513248	3.5026496E-6	50	3.5574129	
2373.75	0.00017553229	3.5106458E-6	50	3.5637606	
2377.5	0.0001759346	3.5186919E-6	50	3.5701475	
2381.25	0.00017615823	3.5231646E-6	50	3.5739261	
2385	0.00017668708	3.5337415E-6	50	3.5821668	
2388.75	0.00017721906	3.5443813E-6	50	3.5904566	
2392.5	0.00017657358	3.5314715E-6	50	3.5815346	
2396.25	0.00017610927	3.5221853E-6	50	3.5752582	
2400	0.0001772128	3.544256E-6	50	3.5919103	
2403.75	0.00017726464	3.5452929E-6	50	3.5931837	
2407.5	0.00017716095	3.543219E-6	50	3.5921814	
2411.25	0.0001784416	3.5688321E-6	50	3.6114379	
2415	0.00017837735	3.5675471E-6	50	3.6110153	
2418.75	0.00017807809	3.5615618E-6	50	3.6071513	
2422.5	0.00017876281	3.5752563E-6	50	3.6176942	
2426.25	0.00017916478	3.5832956E-6	50	3.6240991	
2430	0.00017961161	3.5922322E-6	50	3.6311632	
2433.75	0.0001798982	3.597964E-6	50	3.6358814	
2437.5	0.00017904023	3.5808046E-6	50	3.6238272	
2441.25	0.00017883846	3.5767692E-6	50	3.6213859	
2445	0.00017980107	3.5960214E-6	50	3.6360134	
2448.75	0.00018057478	3.6114955E-6	50	3.6478755	
2452.5	0.00018047291	3.6094583E-6	50	3.6468998	
2456.25	0.00017977221	3.5954442E-6	50	3.637138	
2460	0.00017979543	3.5959087E-6	50	3.6379931	
2463.75	0.00018098961	3.6197922E-6	50	3.6560313	
2467.5	0.00018172067	3.6344135E-6	50	3.6672781	
2471.25	0.00018206483	3.6412966E-6	50	3.6728485	
2475	0.000182654	3.65308E-6	50	3.682018	
2478.75	0.00018287972	3.6575944E-6	50	3.6858528	
2482.5	0.00018231075	3.646215E-6	50	3.6780152	
2486.25	0.0001815765	3.63153E-6	50	3.6677458	
2490	0.00018152523	3.6305047E-6	50	3.6675086	
2493.75	0.00018214551	3.6429101E-6	50	3.6771414	
2497.5	0.00018305946	3.6611891E-6	50	3.6910949	
2501.25	0.00018373749	3.6747499E-6	50	3.7015852	
2505	0.00018400742	3.6801483E-6	50	3.7060778	
2508.75	0.00018415856	3.6831712E-6	50	3.7088252	
2512.5	0.00018482518	3.6965036E-6	50	3.7191577	
2516.25	0.00018400813	3.6801626E-6	50	3.7076625	
2520	0.00018349274	3.6698549E-6	50	3.7006032	
2523.75	0.00018513855	3.7027711E-6	50	3.7253559	
2527.5	0.00018520949	3.7041898E-6	50	3.7269313	
2531.25	0.00018373755	3.6747511E-6	50	3.7057872	
2535	0.00018372687	3.6745373E-6	50	3.7061588	
2538.75	0.0001843581	3.687162E-6	50	3.7159884	
2542.5	0.00018508417	3.7016834E-6	50	3.7272205	
2546.25	0.00018621818	3.7243636E-6	50	3.7444702	
2550	0.00018595114	3.7190227E-6	50	3.7410754	
2553.75	0.0001850968	3.7019361E-6	50	3.7290217	
2557.5	0.00018612567	3.7225134E-6	50	3.7447353	
2561.25	0.00018768239	3.7536477E-6	50	3.7682417	
2565	0.00018716038	3.7432077E-6	50	3.7610921	
2568.75	0.00018690311	3.7380622E-6	50	3.7578467	
2572.5	0.00018738998	3.7477995E-6	50	3.7655832	
2576.25	0.00018744936	3.7489872E-6	50	3.7670131	
2580	0.00018732262	3.7464523E-6	50	3.7656962	
2583.75	0.00018724973	3.7449946E-6	50	3.7651745	
2587.5	0.00018726413	3.7452825E-6	50	3.7659421	
2591.25	0.00018799129	3.7598258E-6	50	3.7772402	
2595	0.00018845374	3.7690748E-6	50	3.7846315	
2598.75	0.00018777191	3.7554382E-6	50	3.7751143	
2602.5	0.00018736327	3.7472654E-6	50	3.7696316	
2606.25	0.00018801289	3.7602577E-6	50	3.779793	
2610	0.00018892759	3.7785517E-6	50	3.7938782	
2613.75	0.00018854111	3.7708221E-6	50	3.7887229	
2617.5	0.000187507	3.75014E-6	50	3.7739841	
2621.25	0.00018816147	3.7632295E-6	50	3.7842247	
2625	0.00018968629	3.7937257E-6	50	3.8073498	
2628.75	0.00019046853	3.8093705E-6	50	3.819491	
2632.5	0.00018975721	3.7951442E-6	50	3.8095228	
2636.25	0.00018961164	3.7922329E-6	50	3.8079277	
2640	0.0001892454	3.784908E-6	50	3.8030623	
2643.75	0.0001881299	3.762598E-6	50	3.7870936	
2647.5	0.00018874445	3.7748891E-6	50	3.7967528	
2651.25	0.00018939232	3.7878465E-6	50	3.8069085	
2655	0.00018950415	3.7900831E-6	50	3.8091211	
2658.75	0.00019074459	3.8148919E-6	50	3.8280668	
2662.5	0.00019026624	3.8053248E-6	50	3.8215305	
2666.25	0.0001890993	3.781986E-6	50	3.8047774	
2670	0.00018950688	3.7901377E-6	50	3.8113753	
2673.75	0.000190235	3.8046999E-6	50	3.8227312	
2677.5	0.00019051737	3.8103474E-6	50	3.8274756	
2681.25	0.00018984257	3.7968514E-6	50	3.8180132	
2685	0.00019019415	3.8038831E-6	50	3.823785	
2688.75	0.00019138778	3.8277555E-6	50	3.8420629	
2692.5	0.00019142022	3.8284044E-6	50	3.843101	
2696.25	0.00019067607	3.8135214E-6	50	3.8326024	
2700	0.00019028422	3.8056844E-6	50	3.8273342	
2703.75	0.00019113797	3.8227594E-6	50	3.8405751	
2707.5	0.0001915914	3.8318279E-6	50	3.8478708	
2711.25	0.00019031374	3.8062748E-6	50	3.8294329	
2715	0.00019003259	3.8006518E-6	50	3.8258061	
2718.75	0.00019145534	3.8291068E-6	50	3.8475202	
2722.5	0.0001915532	3.831064E-6	50	3.8495341	
2726.25	0.0001908088	3.816176E-6	50	3.8390173	
2730	0.00019062417	3.8124833E-6	50	3.8368271	
2733.75	0.00019075809	3.8151618E-6	50	3.8393781	
2737.5	0.00019136499	3.8272998E-6	50	3.8489723	
2741.25	0.0001915967	3.8319339E-6	50	3.8529839	
2745	0.00019170926	3.8341853E-6	50	3.8552232	
2748.75	0.00019202615	3.8405231E-6	50	3.8605076	
2752.5	0.00019219994	3.8439988E-6	50	3.8636623	
2756.25	0.00019233898	3.8467796E-6	50	3.8663008	
2760	0.00019214706	3.8429412E-6	50	3.8640074	
2763.75	0.0001913788	3.827576E-6	50	3.8531211	
2767.5	0.00019137466	3.8274932E-6	50	3.8536246	
2771.25	0.00019194046	3.8388092E-6	50	3.8626284	
2775	0.00019231994	3.8463988E-6	50	3.8688563	
2778.75	0.00019223403	3.8446805E-6	50	3.868143	
2782.5	0.00019223737	3.8447473E-6	50	3.868761	
2786.25	0.00019289028	3.8578056E-6	50	3.8790745	
2790	0.00019330198	3.8660397E-6	50	3.8857909	
2793.75	0.00019296535	3.8593071E-6	50	3.8813353	
2797.5	0.00019336751	3.8673502E-6	50	3.8879112	
2801.25	0.00019361753	3.8723506E-6	50	3.8922165	
2805	0.00019310005	3.8620011E-6	50	3.8850559	
2808.75	0.00019352852	3.8705703E-6	50	3.8920276	
2812.5	0.00019504925	3.900985E-6	50	3.9153269	
2816.25	0.00019477733	3.8955465E-6	50	3.9118352	
2820	0.00019384773	3.8769547E-6	50	3.8985073	
2823.75	0.0001945555	3.89111E-6	50	3.9096605	
2827.5	0.00019513022	3.9026043E-6	50	3.9188268	
2831.25	0.00019575837	3.9151674E-6	50	3.928795	
2835	0.00019514336	3.9028672E-6	50	3.920163	
2838.75	0.00019403481	3.8806962E-6	50	3.9041396	
2842.5	0.0001948967	3.8979341E-6	50	3.9176064	
2846.25	0.00019562988	3.9125975E-6	50	3.9291503	
2850	0.00019555142	3.9110284E-6	50	3.9285429	
2853.75	0.00019590906	3.9181813E-6	50	3.9344668	
2857.5	0.00019662289	3.9324578E-6	50	3.9457285	
2861.25	0.00019698055	3.9396111E-6	50	3.951657	
2865	0.00019647472	3.9294944E-6	50	3.9446459	
2868.75	0.00019726239	3.9452479E-6	50	3.9570216	
2872.5	0.00019826759	3.9653517E-6	50	3.9726631	
2876.25	0.00019748731	3.9497462E-6	50	3.9615355	
2880	0.00019732877	3.9465755E-6	50	3.9597289	
2883.75	0.00019763432	3.9526865E-6	50	3.9648838	
2887.5	0.00019781778	3.9563557E-6	50	3.9682088	
2891.25	0.0001977044	3.954088E-6	50	3.9670803	
2895	0.00019775474	3.9550949E-6	50	3.9684094	
2898.75	0.00019915783	3.9831565E-6	50	3.9900487	
2902.5	0.00020023814	4.0047628E-6	50	4.00685	
2906.25	0.00019917468	3.9834936E-6	50	3.9914604	
2910	0.00019789795	3.957959E-6	50	3.9728618	
2913.75	0.00019890959	3.9781919E-6	50	3.9886398	
2917.5	0.00020077696	4.0155391E-6	50	4.0172846	
2921.25	0.00020064851	4.0129702E-6	50	4.0159426	
2925	0.00020045476	4.0090952E-6	50	4.0136194	
2928.75	0.00020100424	4.0200848E-6	50	4.0224722	
2932.5	0.00019971529	3.9943058E-6	50	4.0036801	
2936.25	0.00019876316	3.9752633E-6	50	3.9899483	
2940	0.00020011989	4.0023977E-6	50	4.0109505	
2943.75	0.00020066404	4.0132808E-6	50	4.0197338	
2947.5	0.00020040094	4.0080189E-6	50	4.0163711	
2951.25	0.00020166632	4.0333265E-6	50	4.0360187	
2955	0.00020219138	4.0438276E-6	50	4.0445273	
2958.75	0.00020171261	4.0342522E-6	50	4.0379218	
2962.5	0.00020184298	4.0368595E-6	50	4.0404902	
2966.25	0.00020156828	4.0313657E-6	50	4.0369574	
2970	0.00020137179	4.0274358E-6	50	4.0346023	
2973.75	0.00020260254	4.0520509E-6	50	4.0537593	
2977.5	0.00020322158	4.0644317E-6	50	4.0637024	
2981.25	0.0002020848	4.041696E-6	50	4.0471745	
2985	0.00020188747	4.0377493E-6	50	4.0448089	
2988.75	0.00020316471	4.0632941E-6	50	4.0646863	
2992.5	0.00020363945	4.072789E-6	50	4.0724642	
2996.25	0.00020386519	4.0773037E-6	50	4.0764877	
3000	0.00020478372	4.0956744E-6	50	4.0909701	
3003.75	0.00020546623	4.1093247E-6	50	4.1018953	
3007.5	0.0002060597	4.121194E-6	50	4.1114804	
3011.25	0.00020623398	4.1246796E-6	50	4.1147385	
3015	0.00020536458	4.1072917E-6	50	4.1022322	
3018.75	0.00020500635	4.1001269E-6	50	4.097444	
3022.5	0.00020601003	4.1202005E-6	50	4.1132351	
3026.25	0.00020547641	4.1095283E-6	50	4.1057962	
3030	0.00020449448	4.0898895E-6	50	4.0915763	
3033.75	0.00020589854	4.1179708E-6	50	4.1134297	
3037.5	0.00020677728	4.1355457E-6	50	4.1273466	
3041.25	0.00020622671	4.1245342E-6	50	4.1196471	
3045	0.00020711559	4.1423119E-6	50	4.1337238	
3048.75	0.00020888539	4.1777077E-6	50	4.1611369	
3052.5	0.00020855578	4.1711155E-6	50	4.1567833	
3056.25	0.0002076071	4.152142E-6	50	4.1430553	
3060	0.00020851436	4.1702873E-6	50	4.1574249	
3063.75	0.00021096904	4.2193808E-6	50	4.1952361	
3067.5	0.00021152301	4.2304601E-6	50	4.2042691	
3071.25	0.00020923043	4.1846086E-6	50	4.1701755	
3075	0.00020826786	4.1653571E-6	50	4.1562234	
3078.75	0.00020713292	4.1426585E-6	50	4.1396526	
3082.5	0.00020724669	4.1449337E-6	50	4.1420056	
3086.25	0.00020987206	4.1974412E-6	50	4.1824444	
3090	0.00020990894	4.1981789E-6	50	4.1836396	
3093.75	0.00020824205	4.1648409E-6	50	4.1589885	
3097.5	0.00020911049	4.1822097E-6	50	4.1727951	
3101.25	0.00021034101	4.2068202E-6	50	4.1921014	
3105	0.00021029091	4.2058181E-6	50	4.191976	
3108.75	0.00021213434	4.2426868E-6	50	4.2205972	
3112.5	0.00021367164	4.2734329E-6	50	4.2445804	
3116.25	0.00021204652	4.2409305E-6	50	4.2205415	
3120	0.00021134746	4.2269492E-6	50	4.2105599	
3123.75	0.0002114818	4.2296361E-6	50	4.2132361	
3127.5	0.00021141934	4.2283868E-6	50	4.2129218	
3131.25	0.00021189083	4.2378167E-6	50	4.2207226	
3135	0.00021274923	4.2549846E-6	50	4.2344079	
3138.75	0.00021377513	4.2755026E-6	50	4.250645	
3142.5	0.0002135124	4.2702481E-6	50	4.2472891	
3146.25	0.00021376411	4.2752822E-6	50	4.251757	
3150	0.00021487969	4.2975938E-6	50	4.2693697	
3153.75	0.0002145631	4.2912621E-6	50	4.2651944	
3157.5	0.00021342096	4.2684192E-6	50	4.2484513	
3161.25	0.00021375717	4.2751435E-6	50	4.2542075	
3165	0.00021582555	4.316511E-6	50	4.286341	
3168.75	0.00021741981	4.3483961E-6	50	4.311266	
3172.5	0.00021674337	4.3348674E-6	50	4.3016115	
3176.25	0.0002166314	4.332628E-6	50	4.3005532	
3180	0.00021699119	4.3398238E-6	50	4.3066833	
3183.75	0.00021665774	4.3331548E-6	50	4.3022495	
3187.5	0.00021708332	4.3416664E-6	50	4.3093851	
3191.25	0.00021728017	4.3456034E-6	50	4.3130359	
3195	0.0002163775	4.3275499E-6	50	4.2999196	
3198.75	0.00021694325	4.3388649E-6	50	4.3091972	
3202.5	0.00021818064	4.3636127E-6	50	4.3287256	
3206.25	0.00021710755	4.3421511E-6	50	4.3130046	
3210	0.00021689088	4.3378176E-6	50	4.3103489	
3213.75	0.00021761876	4.3523752E-6	50	4.3221117	
3217.5	0.00021752065	4.3504129E-6	50	4.3212674	
3221.25	0.00021906512	4.3813023E-6	50	4.3455081	
3225	0.00022028685	4.405737E-6	50	4.3648289	
3228.75	0.00021971306	4.3942612E-6	50	4.356726	
3232.5	0.00021855741	4.3711482E-6	50	4.3397287	
3236.25	0.00021910497	4.3820994E-6	50	4.3487565	
3240	0.00022034851	4.4069702E-6	50	4.3684273	
3243.75	0.00022079614	4.4159227E-6	50	4.3759365	
3247.5	0.00022156528	4.4313055E-6	50	4.3883658	
3251.25	0.00022144317	4.4288633E-6	50	4.3871677	
3255	0.00022061469	4.4122937E-6	50	4.3751626	
3258.75	0.00022107751	4.4215502E-6	50	4.3829122	
3262.5	0.00022052978	4.4105956E-6	50	4.3751985	
3266.25	0.00022023813	4.4047626E-6	50	4.3714019	
3270	0.00022161046	4.4322092E-6	50	4.3930812	
3273.75	0.00022206363	4.4412727E-6	50	4.400693	
3277.5	0.00022201521	4.4403041E-6	50	4.4006248	
3281.25	0.00022204394	4.4408788E-6	50	4.4017388	
3285	0.00022244845	4.448969E-6	50	4.4086113	
3288.75	0.000223313	4.4662599E-6	50	4.4225372	
3292.5	0.00022332277	4.4664554E-6	50	4.4233656	
3296.25	0.00022315712	4.4631423E-6	50	4.4215046	
3300	0.00022341755	4.4683511E-6	50	4.4261771	
3303.75	0.00022246516	4.4493032E-6	50	4.4122486	
3307.5	0.00022106013	4.4212027E-6	50	4.3913704	
3311.25	0.00022165794	4.4331588E-6	50	4.4012163	
3315	0.00022323786	4.4647573E-6	50	4.4261391	
3318.75	0.0002245688	4.4913761E-6	50	4.4472497	
3322.5	0.00022530943	4.5061887E-6	50	4.4593052	
3326.25	0.000224669	4.49338E-6	50	4.450157	
3330	0.00022408655	4.4817309E-6	50	4.4418957	
3333.75	0.0002242273	4.4845459E-6	50	4.4447414	
3337.5	0.00022479818	4.4959636E-6	50	4.4541975	
3341.25	0.00022590683	4.5181365E-6	50	4.4719221	
3345	0.00022461504	4.4923007E-6	50	4.4527545	
3348.75	0.00022444815	4.4889631E-6	50	4.4508745	
3352.5	0.00022659992	4.5319983E-6	50	4.4846499	
3356.25	0.00022609847	4.5219695E-6	50	4.4776295	
3360	0.00022521229	4.5042458E-6	50	4.4646874	
3363.75	0.00022522515	4.5045029E-6	50	4.4655737	
3367.5	0.00022578309	4.5156617E-6	50	4.4748493	
3371.25	0.00022727251	4.5454501E-6	50	4.498467	
3375	0.0002277612	4.555224E-6	50	4.5066865	
3378.75	0.00022729788	4.5459577E-6	50	4.5002488	
3382.5	0.0002281398	4.562796E-6	50	4.5139123	
3386.25	0.00022806945	4.5613891E-6	50	4.5135272	
3390	0.00022657928	4.5315857E-6	50	4.4912645	
3393.75	0.00022644665	4.5289329E-6	50	4.4899146	
3397.5	0.00022814693	4.5629386E-6	50	4.516818	
3401.25	0.00022889863	4.5779725E-6	50	4.529107	
3405	0.00022681006	4.5362013E-6	50	4.4976015	
3408.75	0.00022539539	4.5079078E-6	50	4.4764776	
3412.5	0.00022781778	4.5563555E-6	50	4.5145394	
3416.25	0.00022885938	4.5771877E-6	50	4.5313108	
3420	0.00022856081	4.5712162E-6	50	4.5274058	
3423.75	0.00022864113	4.5728226E-6	50	4.529348	
3427.5	0.00022893364	4.5786728E-6	50	4.534567	
3431.25	0.00023069764	4.6139529E-6	50	4.5625115	
3435	0.00022945782	4.5891563E-6	50	4.5440717	
3438.75	0.00022835246	4.5670491E-6	50	4.5277021	
3442.5	0.00023176869	4.6353737E-6	50	4.5811918	
3446.25	0.00023248786	4.6497572E-6	50	4.5930208	
3450	0.00022892998	4.5785996E-6	50	4.5387411	
3453.75	0.00022750405	4.550081E-6	50	4.5174018	
3457.5	0.00023040515	4.6081029E-6	50	4.5629668	
3461.25	0.00023278864	4.6557728E-6	50	4.6005445	
3465	0.00023218831	4.6437663E-6	50	4.5919775	
3468.75	0.00023089768	4.6179536E-6	50	4.5727261	
3472.5	0.00023204448	4.6408897E-6	50	4.5911897	
3476.25	0.00023204882	4.6409764E-6	50	4.5919764	
3480	0.00023160558	4.6321116E-6	50	4.5858341	
3483.75	0.00023377229	4.6754457E-6	50	4.6201063	
3487.5	0.00023364241	4.6728482E-6	50	4.6188215	
3491.25	0.00023129233	4.6258465E-6	50	4.5831415	
3495	0.00023227003	4.6454005E-6	50	4.5990114	
3498.75	0.00023354255	4.670851E-6	50	4.6194572	
3502.5	0.00023357568	4.6715137E-6	50	4.6206995	
3506.25	0.00023411067	4.6822134E-6	50	4.6297233	
3510	0.00023499092	4.6998184E-6	50	4.6441049	
3513.75	0.0002344778	4.6895559E-6	50	4.6368804	
3517.5	0.00023343452	4.6686903E-6	50	4.6214283	
3521.25	0.00023352358	4.6704716E-6	50	4.6235402	
3525	0.00023472975	4.694595E-6	50	4.64299	
3528.75	0.00023635983	4.7271966E-6	50	4.6690278	
3532.5	0.00023612799	4.7225598E-6	50	4.6661673	
3536.25	0.00023473179	4.6946357E-6	50	4.6452233	
3540	0.00023565653	4.7131306E-6	50	4.6603203	
3543.75	0.00023620851	4.7241703E-6	50	4.6696318	
3547.5	0.00023494243	4.6988485E-6	50	4.6506959	
3551.25	0.00023681223	4.7362447E-6	50	4.680489	
3555	0.00023841147	4.7682295E-6	50	4.7060874	
3558.75	0.00023707629	4.7415258E-6	50	4.6860705	
3562.5	0.00023623128	4.7246256E-6	50	4.6736673	
3566.25	0.00023648569	4.7297139E-6	50	4.6783588	
3570	0.00023815741	4.7631482E-6	50	4.7051005	
3573.75	0.00023965825	4.7931649E-6	50	4.7291926	
3577.5	0.0002385418	4.770836E-6	50	4.7125588	
3581.25	0.00023816802	4.7633604E-6	50	4.7074777	
3585	0.00023808401	4.7616802E-6	50	4.7069047	
3588.75	0.00023882375	4.776475E-6	50	4.719158	
3592.5	0.0002408972	4.8179441E-6	50	4.7521885	
3596.25	0.00023972761	4.7945521E-6	50	4.7347073	
3600	0.00023980145	4.7960291E-6	50	4.7365933	
3603.75	0.00024007702	4.8015403E-6	50	4.7416228	
3607.5	0.00023852601	4.7705203E-6	50	4.7181805	
3611.25	0.00023944537	4.7889075E-6	50	4.7332441	
3615	0.00024111528	4.8223055E-6	50	4.7600171	
3618.75	0.00024053731	4.8107462E-6	50	4.7517393	
3622.5	0.00023981071	4.7962143E-6	50	4.7411391	
3626.25	0.0002423623	4.8472461E-6	50	4.7816855	
3630	0.00024379701	4.8759402E-6	50	4.804817	
3633.75	0.00024055078	4.8110156E-6	50	4.7548901	
3637.5	0.0002407081	4.814162E-6	50	4.7580821	
3641.25	0.0002432806	4.8656119E-6	50	4.7989902	
3645	0.0002414155	4.8283099E-6	50	4.7706051	
3648.75	0.00024036112	4.8072223E-6	50	4.7548743	
3652.5	0.00024296368	4.8592737E-6	50	4.7962773	
3656.25	0.00024278447	4.8556894E-6	50	4.7942238	
3660	0.00024273627	4.8547255E-6	50	4.7942184	
3663.75	0.000244855	4.8971E-6	50	4.828092	
3667.5	0.00024464751	4.8929502E-6	50	4.8256047	
3671.25	0.00024258563	4.8517125E-6	50	4.7941144	
3675	0.00024102802	4.8205604E-6	50	4.7705017	
3678.75	0.00024305777	4.8611554E-6	50	4.8030109	
3682.5	0.00024364276	4.8728553E-6	50	4.8129249	
3686.25	0.00023941386	4.7882773E-6	50	4.7474937	
3690	0.00023879004	4.7758008E-6	50	4.7384786	
3693.75	0.00024109908	4.8219817E-6	50	4.7753874	
3697.5	0.0002419923	4.8398461E-6	50	4.7901374	
3701.25	0.00024244653	4.8489305E-6	50	4.7980175	
3705	0.00024352511	4.8705023E-6	50	4.8156848	
3708.75	0.0002418835	4.83767E-6	50	4.79073	
3712.5	0.000239444	4.78888E-6	50	4.7532593	
3716.25	0.00024173628	4.8347256E-6	50	4.7899593	
3720	0.00024221236	4.8442472E-6	50	4.7981946	
3723.75	0.00023909558	4.7819115E-6	50	4.7500817	
3727.5	0.00023819669	4.7639338E-6	50	4.7367431	
3731.25	0.00023779414	4.7558829E-6	50	4.7311875	
3735	0.00023620543	4.7241087E-6	50	4.7070141	
3738.75	0.0002357496	4.714992E-6	50	4.7006139	
3742.5	0.00023472409	4.6944818E-6	50	4.6852669	
3746.25	0.00023205919	4.6411838E-6	50	4.6441692	
3750	0.00022807873	4.5615747E-6	50	4.5823912	
3753.75	0.00022366686	4.4733372E-6	50	4.5138101	
3757.5	0.00022002076	4.4004152E-6	50	4.4572334	
3761.25	0.00021536901	4.3073801E-6	50	4.3848278	
3765	0.00020659703	4.1319405E-6	50	4.2476238	
3768.75	0.00019878224	3.9756448E-6	50	4.125413	
3772.5	0.00019461932	3.8923863E-6	50	4.0605809	
3776.25	0.00018650413	3.7300826E-6	50	3.9335559	
3780	0.00017398492	3.4796984E-6	50	3.7371928	
3783.75	0.0001627612	3.2552241E-6	50	3.5611349	
3787.5	0.0001513195	3.02639E-6	50	3.3815742	
3791.25	0.0001360262	2.7205241E-6	50	3.1413091	
3795	0.00012274981	2.4549961E-6	50	2.9327027	
3798.75	0.00011326814	2.2653628E-6	50	2.7837721	
3802.5	9.9686298E-5	1.993726E-6	50	2.5701977	
3806.25	8.3807142E-5	1.6761428E-6	50	2.320344	
3810	6.9689298E-5	1.393786E-6	50	2.0981439	
3813.75	5.2335007E-5	1.0467001E-6	50	1.8248452	
3817.5	3.7228458E-5	7.4456917E-7	50	1.5868704	
3821.25	2.8200237E-5	5.6400474E-7	50	1.4446382	
3825	2.0581534E-5	4.1163067E-7	50	1.3245776	
3828.75	1.4741814E-5	2.9483628E-7	50	1.2325297	
3832.5	1.1640084E-5	2.3280167E-7	50	1.1836413	
3836.25	9.2038396E-6	1.8407679E-7	50	1.1452345	
3840	6.5591382E-6	1.3118276E-7	50	1.1035223	
3843.75	4.2414471E-6	8.4828941E-8	50	1.0669557	
3847.5	3.0212678E-6	6.0425356E-8	50	1.0477034	
3851.25	3.147367E-6	6.294734E-8	50	1.0497043	
3855	3.1922902E-6	6.3845805E-8	50	1.0504238	
3858.75	2.581587E-6	5.163174E-8	50	1.0407855	
3862.5	1.919817E-6	3.839634E-8	50	1.0303365	
3866.25	2.577864E-6	5.155728E-8	50	1.0407429	
3870	3.764413E-6	7.5288261E-8	50	1.059508	
3873.75	3.946084E-6	7.8921681E-8	50	1.0623922	
3877.5	3.8124607E-6	7.6249214E-8	50	1.0602915	
3881.25	3.7522553E-6	7.5045106E-8	50	1.0593511	
3885	3.326737E-6	6.6534741E-8	50	1.0526309	
3888.75	3.5819E-6	7.1638001E-8	50	1.056679	
3892.5	3.6722757E-6	7.3445514E-8	50	1.0581206	
3896.25	3.6988121E-6	7.3976242E-8	50	1.0585522	
3900	3.3604039E-6	6.7208079E-8	50	1.0532057	
3903.75	2.1768837E-6	4.3537674E-8	50	1.0344737	
3907.5	3.008091E-6	6.0161819E-8	50	1.0476464	
3911.25	3.8574282E-6	7.7148565E-8	50	1.0611115	
3915	3.0358418E-6	6.0716836E-8	50	1.048105	
3918.75	3.1621829E-6	6.3243659E-8	50	1.0501169	
3922.5	3.627328E-6	7.2546561E-8	50	1.0575004	
3926.25	3.7589077E-6	7.5178154E-8	50	1.059598	
3930	4.2495855E-6	8.4991709E-8	50	1.0673911	
3933.75	4.5652529E-6	9.1305058E-8	50	1.0724114	
3937.5	3.7315135E-6	7.463027E-8	50	1.0591989	
3941.25	2.7629192E-6	5.5258385E-8	50	1.0438413	
3945	3.2502767E-6	6.5005535E-8	50	1.0515848	
3948.75	4.2205215E-6	8.441043E-8	50	1.0669967	
3952.5	3.4092677E-6	6.8185354E-8	50	1.0541296	
3956.25	2.48506E-6	4.9701201E-8	50	1.0394637	
3960	3.467762E-6	6.9355239E-8	50	1.0550803	
3963.75	4.270689E-6	8.5413781E-8	50	1.0678471	
3967.5	3.816885E-6	7.63377E-8	50	1.0606498	
3971.25	2.9437775E-6	5.8875551E-8	50	1.0467856	
3975	3.4017809E-6	6.8035618E-8	50	1.0540754	
3978.75	3.6649808E-6	7.3299617E-8	50	1.058271	
3982.5	3.5806729E-6	7.1613457E-8	50	1.0569419	
3986.25	3.8005763E-6	7.6011526E-8	50	1.060451	
3990	3.8776197E-6	7.7552393E-8	50	1.0616888	
3993.75	4.5849647E-6	9.1699294E-8	50	1.0729565	
3997.5	4.6968587E-6	9.3937175E-8	50	1.074752	
4001.25	3.987997E-6	7.975994E-8	50	1.063483	
4005	3.0494497E-6	6.0988993E-8	50	1.0485524	
4008.75	2.7169494E-6	5.4338987E-8	50	1.0432671	
4012.5	3.0430902E-6	6.0861804E-8	50	1.0484706	
4016.25	3.2832863E-6	6.5665726E-8	50	1.052307	
4020	3.7322685E-6	7.464537E-8	50	1.0594718	
4023.75	4.8413736E-6	9.6827473E-8	50	1.0771604	
4027.5	4.8163969E-6	9.6327939E-8	50	1.0767778	
4031.25	3.4466762E-6	6.8933525E-8	50	1.0549542	
4035	3.7256035E-6	7.4512071E-8	50	1.0594134	
4038.75	4.3645608E-6	8.7291217E-8	50	1.0696171	
4042.5	3.314487E-6	6.628974E-8	50	1.0528785	
4046.25	2.4909463E-6	4.9818926E-8	50	1.039748	
4050	2.7104351E-6	5.4208702E-8	50	1.0432591	
4053.75	2.5079996E-6	5.0159993E-8	50	1.0400362	
4057.5	3.1110889E-6	6.2221779E-8	50	1.0496736	
4061.25	3.5923193E-6	7.1846386E-8	50	1.0573688	
4065	2.8155788E-6	5.6311576E-8	50	1.0449734	
4068.75	3.514526E-6	7.0290521E-8	50	1.0561491	
4072.5	3.2656541E-6	6.5313082E-8	50	1.0521836	
4076.25	2.0887853E-6	4.1775706E-8	50	1.0333845	
4080	2.5616002E-6	5.1232004E-8	50	1.0409497	
4083.75	3.3431491E-6	6.6862982E-8	50	1.0534543	
4087.5	2.8334154E-6	5.6668309E-8	50	1.0453132	
4091.25	3.1012308E-6	6.2024616E-8	50	1.0496063	
4095	3.0121386E-6	6.0242772E-8	50	1.0481909	
4098.75	1.5434804E-6	3.0869609E-8	50	1.024699	
4102.5	1.0699233E-6	2.1398466E-8	50	1.0171245	
4106.25	1.8247371E-6	3.6494742E-8	50	1.0292115	
4110	2.3467434E-6	4.6934869E-8	50	1.0375757	
4113.75	2.3050213E-6	4.6100426E-8	50	1.0369151	
4117.5	1.2451877E-6	2.4903754E-8	50	1.0199458	
4121.25	-1.4293142E-7	-2.8586284E-9	50	0.99771002	
4125	-2.0526735E-7	-4.105347E-9	50	0.99671064	
4128.75	5.0164228E-7	1.0032846E-8	50	1.0080403	
4132.5	3.7464314E-7	7.4928628E-9	50	1.006006	
4136.25	4.9476101E-7	9.8952201E-9	50	1.0079332	
4140	1.2621447E-6	2.5242895E-8	50	1.0202419	
4143.75	2.1688488E-7	4.3376976E-9	50	1.003479	
4147.5	-1.09169E-7	-2.18338E-9	50	0.99824847	
4151.25	3.4801554E-7	6.9603109E-9	50	1.0055848	
4155	-9.2117462E-8	-1.8423492E-9	50	0.99852145	
4158.75	-3.0224432E-7	-6.0448865E-9	50	0.99514779	
4162.5	-1.1287358E-6	-2.2574716E-8	50	0.98187571	
4166.25	-1.4772293E-6	-2.9544586E-8	50	0.9762751	
4170	-1.1883374E-6	-2.3766748E-8	50	0.98091098	
4173.75	-9.6634986E-7	-1.9326997E-8	50	0.98447377	
4177.5	-1.5243594E-6	-3.0487188E-8	50	0.97550337	
4181.25	-1.3990021E-6	-2.7980041E-8	50	0.97751334	
4185	-8.2996729E-7	-1.6599346E-8	50	0.98665695	
4188.75	-1.1295998E-6	-2.2591995E-8	50	0.98183622	
4192.5	-1.4087923E-6	-2.8175845E-8	50	0.97734229	
4196.25	-1.0874187E-6	-2.1748375E-8	50	0.98250744	
4200	-1.3774743E-6	-2.7549486E-8	50	0.97783706	
4203.75	-3.1229417E-6	-6.2458834E-8	50	0.94974316	
4207.5	-3.6246216E-6	-7.2492431E-8	50	0.94165799	
4211.25	-2.7919153E-6	-5.5838307E-8	50	0.95505221	
4215	-2.3905554E-6	-4.7811108E-8	50	0.96150607	
4218.75	-2.5106592E-6	-5.0213184E-8	50	0.95956396	
4222.5	-3.3113139E-6	-6.6226277E-8	50	0.94665809	
4226.25	-2.9494871E-6	-5.8989743E-8	50	0.9524772	
4230	-1.3266441E-6	-2.6532882E-8	50	0.97862051	
4233.75	-1.9124732E-6	-3.8249465E-8	50	0.96917341	
4237.5	-3.3596866E-6	-6.7193733E-8	50	0.94583532	
4241.25	-3.2893159E-6	-6.5786319E-8	50	0.94695918	
4245	-3.4085199E-6	-6.8170399E-8	50	0.94502595	
4248.75	-3.402141E-6	-6.8042819E-8	50	0.94511781	
4252.5	-2.6173729E-6	-5.2347458E-8	50	0.95776894	
4256.25	-3.1454841E-6	-6.2909682E-8	50	0.94923773	
4260	-4.2558862E-6	-8.5117723E-8	50	0.93130411	
4263.75	-3.0875735E-6	-6.175147E-8	50	0.95015228	
4267.5	-2.2585458E-6	-4.5170916E-8	50	0.96352931	
4271.25	-3.3409376E-6	-6.6818751E-8	50	0.94604016	
4275	-3.9085318E-6	-7.8170636E-8	50	0.93686022	
4278.75	-3.609871E-6	-7.2197419E-8	50	0.94167319	
4282.5	-3.282444E-6	-6.5648879E-8	50	0.94695298	
4286.25	-3.5850581E-6	-7.1701162E-8	50	0.94205086	
4290	-4.1409957E-6	-8.2819914E-8	50	0.93305122	
4293.75	-4.1239595E-6	-8.2479191E-8	50	0.93331328	
4297.5	-3.5130103E-6	-7.0260206E-8	50	0.94318128	
4301.25	-3.2695302E-6	-6.5390604E-8	50	0.94710868	
4305	-3.2020748E-6	-6.4041497E-8	50	0.94818952	
4308.75	-3.6266662E-6	-7.2533324E-8	50	0.94130776	
4312.5	-4.8481587E-6	-9.6963175E-8	50	0.92152398	
4316.25	-4.5778982E-6	-9.1557964E-8	50	0.92588378	
4320	-3.7959626E-6	-7.5919252E-8	50	0.93853101	
4323.75	-3.89266E-6	-7.7853201E-8	50	0.93695254	
4327.5	-3.76665E-6	-7.5333E-8	50	0.93898124	
4331.25	-3.8361587E-6	-7.6723174E-8	50	0.93784277	
4335	-3.9398218E-6	-7.8796435E-8	50	0.93615034	
4338.75	-2.4345298E-6	-4.8690596E-8	50	0.96053755	
4342.5	-2.1937988E-6	-4.3875976E-8	50	0.96443255	
4346.25	-3.3125274E-6	-6.6250547E-8	50	0.94628417	
4350	-3.8930295E-6	-7.7860591E-8	50	0.93685813	
4353.75	-3.9429521E-6	-7.8859042E-8	50	0.93603563	
4357.5	-3.9414781E-6	-7.8829562E-8	50	0.93604675	
4361.25	-4.2583356E-6	-8.5166711E-8	50	0.93089169	
4365	-4.3343498E-6	-8.6686996E-8	50	0.92964398	
4368.75	-2.3794355E-6	-4.758871E-8	50	0.96136881	
4372.5	-3.2362752E-6	-6.4725503E-8	50	0.94744713	
4376.25	-5.1780424E-6	-1.0356085E-7	50	0.91589855	
4380	-3.135077E-6	-6.270154E-8	50	0.94907008	
4383.75	-1.7676492E-6	-3.5352984E-8	50	0.97127846	
4387.5	-2.3104953E-6	-4.6209906E-8	50	0.96245055	
4391.25	-1.971717E-6	-3.9434339E-8	50	0.96794986	
4395	-2.8521404E-6	-5.7042809E-8	50	0.95362935	
4398.75	-4.0396058E-6	-8.0792116E-8	50	0.93431017	
4402.5	-3.2934282E-6	-6.5868563E-8	50	0.94643338	
4406.25	-2.5381366E-6	-5.0762732E-8	50	0.95870971	
4410	-2.9297451E-6	-5.8594903E-8	50	0.95232951	
4413.75	-3.5478457E-6	-7.0956913E-8	50	0.94226071	
4417.5	-3.1533925E-6	-6.306785E-8	50	0.94866996	
4421.25	-3.8076944E-6	-7.6153888E-8	50	0.93800701	
4425	-4.6727827E-6	-9.3455654E-8	50	0.92390729	
4428.75	-4.0590608E-6	-8.1181217E-8	50	0.93388805	
4432.5	-3.1602704E-6	-6.3205409E-8	50	0.9485168	
4436.25	-2.2828042E-6	-4.5656083E-8	50	0.96280394	
4440	-3.1289382E-6	-6.2578763E-8	50	0.94900681	
4443.75	-4.1686756E-6	-8.3373512E-8	50	0.9320483	
4447.5	-3.2586708E-6	-6.5173415E-8	50	0.94687124	
4451.25	-3.3582871E-6	-6.7165742E-8	50	0.94523614	
4455	-4.8260548E-6	-9.6521095E-8	50	0.92128536	
4458.75	-4.3282247E-6	-8.6564495E-8	50	0.92939099	
4462.5	-4.3798037E-6	-8.7596073E-8	50	0.92853523	
4466.25	-4.8179658E-6	-9.6359315E-8	50	0.92137002	
4470	-4.2384176E-6	-8.4768351E-8	50	0.93081446	
4473.75	-3.2374816E-6	-6.4749632E-8	50	0.94714257	
4477.5	-3.1604495E-6	-6.320899E-8	50	0.9483899	
4481.25	-4.0522659E-6	-8.1045318E-8	50	0.93381326	
4485	-3.7984007E-6	-7.5968014E-8	50	0.93794725	
4488.75	-3.5737535E-6	-7.147507E-8	50	0.94160549	
4492.5	-4.8357936E-6	-9.6715871E-8	50	0.9209681	
4496.25	-5.2004014E-6	-1.0400803E-7	50	0.91499219	
4500	-5.2406542E-6	-1.0481308E-7	50	0.91431698	
4503.75	-5.6161071E-6	-1.1232214E-7	50	0.90815998	
4507.5	-3.7225163E-6	-7.4450327E-8	50	0.93911356	
4511.25	-2.7918146E-6	-5.5836292E-8	50	0.95432717	
4515	-4.0919199E-6	-8.1838397E-8	50	0.93304455	
4518.75	-5.0161838E-6	-1.0032368E-7	50	0.91790444	
4522.5	-5.2684104E-6	-1.0536821E-7	50	0.91375909	
4526.25	-3.3084303E-6	-6.6168607E-8	50	0.94583194	
4530	-3.1572807E-6	-6.3145613E-8	50	0.94829625	
4533.75	-4.4384451E-6	-8.8768902E-8	50	0.9273012	
4537.5	-4.4151712E-6	-8.8303423E-8	50	0.92766781	
4541.25	-3.5320034E-6	-7.0640069E-8	50	0.94212476	
4545	-3.2659689E-6	-6.5319377E-8	50	0.94647318	
4548.75	-3.9989875E-6	-7.997975E-8	50	0.9344463	
4552.5	-4.7009631E-6	-9.4019262E-8	50	0.92292355	
4556.25	-4.404995E-6	-8.8099899E-8	50	0.92776161	
4560	-3.3875747E-6	-6.7751494E-8	50	0.94443525	
4563.75	-3.6588328E-6	-7.3176656E-8	50	0.9399738	
4567.5	-4.9613122E-6	-9.9226245E-8	50	0.91858906	
4571.25	-5.1542197E-6	-1.0308439E-7	50	0.9154065	
4575	-5.3953871E-6	-1.0790774E-7	50	0.91143042	
4578.75	-4.8162573E-6	-9.6325146E-8	50	0.92092129	
4582.5	-3.8214194E-6	-7.6428389E-8	50	0.93724294	
4586.25	-4.1599665E-6	-8.3199331E-8	50	0.93166933	
4590	-3.952362E-6	-7.904724E-8	50	0.93506625	
4593.75	-3.2606496E-6	-6.5212993E-8	50	0.9464196	
4597.5	-4.069395E-6	-8.1387901E-8	50	0.9331164	
4601.25	-5.3016907E-6	-1.0603381E-7	50	0.91284502	
4605	-4.7670444E-6	-9.5340889E-8	50	0.92161823	
4608.75	-4.6000148E-6	-9.2000295E-8	50	0.92434927	
4612.5	-5.0753619E-6	-1.0150724E-7	50	0.9165149	
4616.25	-3.7412051E-6	-7.4824101E-8	50	0.93844809	
4620	-3.2202321E-6	-6.4404641E-8	50	0.94700862	
4623.75	-4.6950929E-6	-9.3901859E-8	50	0.92272298	
4627.5	-4.9436528E-6	-9.8873057E-8	50	0.9186154	
4631.25	-4.8700411E-6	-9.7400822E-8	50	0.91981097	
4635	-5.5035557E-6	-1.1007111E-7	50	0.90936128	
4638.75	-5.1724415E-6	-1.0344883E-7	50	0.91479716	
4642.5	-5.237273E-6	-1.0474546E-7	50	0.91371172	
4646.25	-4.7119242E-6	-9.4238483E-8	50	0.92235152	
4650	-3.6424432E-6	-7.2848863E-8	50	0.93996348	
4653.75	-3.45765E-6	-6.9152999E-8	50	0.94299777	
4657.5	-3.5158006E-6	-7.0316011E-8	50	0.94202736	
4661.25	-3.4684732E-6	-6.9369463E-8	50	0.94279615	
4665	-3.4948977E-6	-6.9897954E-8	50	0.94234865	
4668.75	-4.1757377E-6	-8.3514754E-8	50	0.93110365	
4672.5	-4.4693939E-6	-8.9387878E-8	50	0.92624361	
4676.25	-4.6257104E-6	-9.2514208E-8	50	0.92364851	
4680	-4.2018874E-6	-8.4037748E-8	50	0.93063004	
4683.75	-3.5818042E-6	-7.1636085E-8	50	0.94085516	
4687.5	-3.185876E-6	-6.3717521E-8	50	0.9473823	
4691.25	-3.3556129E-6	-6.7112258E-8	50	0.94456771	
4695	-3.1416631E-6	-6.2833263E-8	50	0.9480915	
4698.75	-2.9145828E-6	-5.8291656E-8	50	0.95183371	
4702.5	-2.9114363E-6	-5.8228725E-8	50	0.95187597	
4706.25	-2.8216715E-6	-5.643343E-8	50	0.95335028	
4710	-2.9098705E-6	-5.819741E-8	50	0.95188239	
4713.75	-3.2844143E-6	-6.5688285E-8	50	0.94567795	
4717.5	-2.8275535E-6	-5.655107E-8	50	0.95322467	
4721.25	-2.427271E-6	-4.854542E-8	50	0.95983831	
4725	-3.3743188E-6	-6.7486375E-8	50	0.94415715	
4728.75	-3.0909258E-6	-6.1818516E-8	50	0.94883679	
4732.5	-1.9950723E-6	-3.9901447E-8	50	0.96696947	
4736.25	-2.7023034E-6	-5.4046068E-8	50	0.95525148	
4740	-1.721236E-6	-3.442472E-8	50	0.97149162	
4743.75	-3.1503144E-7	-6.3006288E-9	50	0.99478116	
4747.5	-1.0308943E-6	-2.0617886E-8	50	0.98291867	
4751.25	-7.1395618E-7	-1.4279124E-8	50	0.98816777	
4755	-1.9848336E-7	-3.9696672E-9	50	0.99670992	
4758.75	-1.0080138E-7	-2.0160276E-9	50	0.99832877	
4762.5	-2.7793297E-7	-5.5586594E-9	50	0.99539109	
4766.25	-2.2605175E-7	-4.521035E-9	50	0.99625067	
4770	8.7786837E-9	1.7557367E-10	50	1.0001456	
4773.75	-7.1802339E-7	-1.4360468E-8	50	0.98808596	
4777.5	-1.2566671E-6	-2.5133342E-8	50	0.97914414	
4781.25	-8.4396101E-7	-1.687922E-8	50	0.98599066	
4785	-1.1545233E-6	-2.3090466E-8	50	0.98083161	
4788.75	-1.5539495E-6	-3.107899E-8	50	0.9741948	
4792.5	-1.1235374E-6	-2.2470747E-8	50	0.98133855	
4796.25	-1.0103866E-6	-2.0207732E-8	50	0.98321455	
4800	-1.1275322E-6	-2.2550644E-8	50	0.98126465	
4803.75	-7.2840622E-7	-1.4568124E-8	50	0.98789418	
4807.5	-1.3010732E-6	-2.6021465E-8	50	0.97837233	
4811.25	-1.156932E-6	-2.313864E-8	50	0.9807645	
4815	-3.7697657E-7	-7.5395313E-9	50	0.99373101	
4818.75	-6.3672213E-7	-1.2734443E-8	50	0.9894094	
4822.5	-1.1423717E-6	-2.2847435E-8	50	0.98099509	
4826.25	-1.4258264E-6	-2.8516528E-8	50	0.97627465	
4830	-8.0615117E-7	-1.6123023E-8	50	0.98658317	
4833.75	5.027517E-7	1.0055034E-8	50	1.008369	
4837.5	-1.265509E-7	-2.5310181E-9	50	0.99789295	
4841.25	-1.2393155E-6	-2.4786311E-8	50	0.97936149	
4845	-2.1758526E-7	-4.3517053E-9	50	0.99637579	
4848.75	1.007456E-7	2.014912E-9	50	1.0016784	
4852.5	-4.4237389E-7	-8.8474778E-9	50	0.99262861	
4856.25	1.8918874E-7	3.7837749E-9	50	1.0031531	
4860	-6.2970565E-8	-1.2594113E-9	50	0.99895028	
4863.75	8.844278E-7	1.7688556E-8	50	1.0147464	
4867.5	9.9519788E-7	1.9903958E-8	50	1.0165967	
4871.25	-1.5333156E-6	-3.0666312E-8	50	0.97442412	
4875	-1.4774939E-6	-2.9549878E-8	50	0.97535024	
4878.75	-7.0648008E-8	-1.4129602E-9	50	0.99882111	
4882.5	6.813433E-8	1.3626866E-9	50	1.0011372	
4886.25	7.1692578E-7	1.4338516E-8	50	1.0119681	
4890	6.9047601E-7	1.380952E-8	50	1.0115289	
4893.75	1.541757E-6	3.0835141E-8	50	1.025748	
4897.5	1.8457696E-6	3.6915392E-8	50	1.0308314	
4901.25	9.5013167E-8	1.9002633E-9	50	1.0015874	
4905	1.4901577E-6	2.9803154E-8	50	1.0249014	
4908.75	2.2662073E-6	4.5324145E-8	50	1.0378774	
4912.5	1.2526171E-6	2.5052341E-8	50	1.0209405	
4916.25	2.8617869E-6	5.7235737E-8	50	1.0478514	
4920	4.0906659E-6	8.1813318E-8	50	1.0684132	
4923.75	2.812509E-6	5.6250181E-8	50	1.0470466	
4927.5	2.5443745E-6	5.0887491E-8	50	1.0425701	
4931.25	3.1565476E-6	6.3130953E-8	50	1.0528231	
4935	3.6437094E-6	7.2874188E-8	50	1.060988	
4938.75	4.1107807E-6	8.2215614E-8	50	1.0688198	
4942.5	4.2321536E-6	8.4643071E-8	50	1.0708663	
4946.25	4.5445781E-6	9.0891562E-8	50	1.0761133	
4950	5.6081663E-6	1.1216333E-7	50	1.0939456	
4953.75	5.2733232E-6	1.0546646E-7	50	1.0883545	
4957.5	4.3647682E-6	8.7295364E-8	50	1.0731467	
4961.25	5.1207257E-6	1.0241451E-7	50	1.0858329	
4965	4.9020157E-6	9.8040313E-8	50	1.0821837	
4968.75	5.2754939E-6	1.0550988E-7	50	1.0884633	
4972.5	6.2578242E-6	1.2515648E-7	50	1.1049572	
4976.25	5.3637636E-6	1.0727527E-7	50	1.0899803	
4980	4.4001654E-6	8.8003307E-8	50	1.0738305	
4983.75	5.4027375E-6	1.0805475E-7	50	1.0906712	
4987.5	5.9824414E-6	1.1964883E-7	50	1.1004206	
4991.25	5.1617978E-6	1.0323596E-7	50	1.0866631	
4995	5.3529741E-6	1.0705948E-7	50	1.0898913	
4998.75	6.7440363E-6	1.3488073E-7	50	1.1132742	
5002.5	6.0616643E-6	1.2123329E-7	50	1.1018338	
5006.25	4.4668088E-6	8.9336177E-8	50	1.0750562	
5010	5.7239997E-6	1.1447999E-7	50	1.0962005	
5013.75	6.418321E-6	1.2836642E-7	50	1.1078917	
5017.5	5.1290186E-6	1.0258037E-7	50	1.0862363	
5021.25	5.283079E-6	1.0566158E-7	50	1.0888447	
5025	5.416297E-6	1.0832594E-7	50	1.0911036	
5028.75	6.6031082E-6	1.3206216E-7	50	1.1110888	
5032.5	8.4178762E-6	1.6835752E-7	50	1.1416489	
5036.25	7.1369663E-6	1.4273933E-7	50	1.1201194	
5040	6.0388081E-6	1.2077616E-7	50	1.1016575	
5043.75	5.7505227E-6	1.1501045E-7	50	1.0968242	
5047.5	5.9601373E-6	1.1920275E-7	50	1.1003741	
5051.25	7.6870463E-6	1.5374093E-7	50	1.1294832	
5055	6.5718207E-6	1.3143641E-7	50	1.1107205	
5058.75	3.802905E-6	7.6058101E-8	50	1.0640835	
5062.5	3.5652497E-6	7.1304993E-8	50	1.060091	
5066.25	4.4230147E-6	8.8460294E-8	50	1.0745634	
5070	4.7423352E-6	9.4846703E-8	50	1.0799628	
5073.75	6.3795373E-6	1.2759075E-7	50	1.1075903	
5077.5	7.169603E-6	1.4339206E-7	50	1.1209393	
5081.25	5.6037519E-6	1.1207504E-7	50	1.0945452	
5085	5.8705907E-6	1.1741181E-7	50	1.0990673	
5088.75	6.5296804E-6	1.3059361E-7	50	1.1102119	
5092.5	5.1443826E-6	1.0288765E-7	50	1.0868476	
5096.25	4.1912966E-6	8.3825931E-8	50	1.0707719	
5100	4.1650609E-6	8.3301218E-8	50	1.0703431	
5103.75	4.2637801E-6	8.5275602E-8	50	1.0720249	
5107.5	6.3056525E-6	1.2611305E-7	50	1.1065382	
5111.25	6.0621228E-6	1.2124246E-7	50	1.1024442	
5115	3.6065645E-6	7.213129E-8	50	1.0609599	
5118.75	4.1397427E-6	8.2794853E-8	50	1.069986	
5122.5	4.9255383E-6	9.8510766E-8	50	1.0832873	
5126.25	4.4254351E-6	8.8508702E-8	50	1.074846	
5130	3.324024E-6	6.6480481E-8	50	1.0562295	
5133.75	1.8322661E-6	3.6645322E-8	50	1.031001	
5137.5	2.2555872E-6	4.5111745E-8	50	1.038171	
5141.25	3.1561027E-6	6.3122054E-8	50	1.053421	
5145	2.7923858E-6	5.5847717E-8	50	1.0472742	
5148.75	2.4949803E-6	4.9899605E-8	50	1.0422477	
5152.5	2.2588137E-6	4.5176273E-8	50	1.0382563	
5156.25	2.6097878E-6	5.2195757E-8	50	1.0442094	
5160	2.4920522E-6	4.9841044E-8	50	1.0422234	
5163.75	2.7770242E-6	5.5540483E-8	50	1.0470612	
5167.5	3.4169061E-6	6.8338122E-8	50	1.0579167	
5171.25	2.0206649E-6	4.0413297E-8	50	1.0342572	
5175	1.7274575E-6	3.454915E-8	50	1.0292922	
5178.75	3.1604146E-6	6.3208292E-8	50	1.0536013	
5182.5	4.1537732E-6	8.3075464E-8	50	1.070463	
5186.25	2.5078565E-6	5.015713E-8	50	1.0425508	
5190	1.2307497E-6	2.4614995E-8	50	1.0208863	
5193.75	1.7561628E-6	3.5123257E-8	50	1.0298088	
5197.5	1.3938622E-6	2.7877243E-8	50	1.0236639	
5201.25	2.2749121E-6	4.5498241E-8	50	1.0386294	
5205	4.0428163E-6	8.0856326E-8	50	1.0686632	
5208.75	3.7219833E-6	7.4439666E-8	50	1.0632268	
5212.5	2.4903458E-6	4.9806915E-8	50	1.042313	
5216.25	2.4276636E-6	4.8553272E-8	50	1.0412562	
5220	2.217102E-6	4.434204E-8	50	1.0376854	
5223.75	1.5455774E-6	3.0911547E-8	50	1.0262764	
5227.5	1.5686314E-6	3.1372628E-8	50	1.0266737	
5231.25	1.3425283E-6	2.6850567E-8	50	1.0228335	
5235	1.1767451E-6	2.3534902E-8	50	1.0200179	
5238.75	8.4428837E-7	1.6885767E-8	50	1.0143653	
5242.5	1.4693754E-6	2.9387507E-8	50	1.025006	
5246.25	2.5268096E-6	5.0536193E-8	50	1.0430102	
5250	1.7593984E-6	3.5187968E-8	50	1.0299537	
5253.75	1.8331198E-6	3.6662396E-8	50	1.0312151	
5257.5	2.5449845E-6	5.0899691E-8	50	1.0433457	
5261.25	2.2711737E-6	4.5423473E-8	50	1.03869	
5265	2.8581765E-6	5.716353E-8	50	1.0486996	
5268.75	1.7174505E-6	3.434901E-8	50	1.029269	
5272.5	6.4944258E-7	1.2988852E-8	50	1.0110701	
5276.25	1.9146718E-6	3.8293436E-8	50	1.0326433	
5280	2.2313827E-6	4.4627653E-8	50	1.0380506	
5283.75	1.4290405E-6	2.858081E-8	50	1.0243736	
5287.5	1.8729053E-6	3.7458106E-8	50	1.0319506	
5291.25	1.9484565E-6	3.896913E-8	50	1.0332463	
5295	1.836982E-6	3.6739639E-8	50	1.0313506	
5298.75	2.9270154E-6	5.8540308E-8	50	1.0499636	
5302.5	2.6094609E-6	5.2189218E-8	50	1.0445521	
5306.25	2.4649649E-6	4.9299298E-8	50	1.0420936	
5310	3.4134054E-6	6.8268109E-8	50	1.0583018	
5313.75	3.1584938E-6	6.3169876E-8	50	1.0539589	
5317.5	2.4206209E-6	4.8412419E-8	50	1.0413617	
5321.25	1.3726811E-6	2.7453622E-8	50	1.0234601	
5325	5.7882473E-7	1.1576495E-8	50	1.0098946	
5328.75	1.007156E-6	2.014312E-8	50	1.0172201	
5332.5	1.3507837E-6	2.7015674E-8	50	1.0231001	
5336.25	1.5921069E-6	3.1842139E-8	50	1.0272326	
5340	2.8954224E-6	5.7908448E-8	50	1.0495356	
5343.75	2.7771159E-6	5.5542318E-8	50	1.0475213	
5347.5	1.5662851E-6	3.1325703E-8	50	1.0268074	
5351.25	8.6593819E-7	1.7318764E-8	50	1.0148238	
5355	1.4703661E-6	2.9407322E-8	50	1.0251761	
5358.75	2.9724282E-6	5.9448564E-8	50	1.0509053	
5362.5	2.725974E-6	5.4519479E-8	50	1.0466942	
5366.25	3.2616041E-6	6.5232083E-8	50	1.0558807	
5370	4.1753862E-6	8.3507724E-8	50	1.0715512	
5373.75	2.8073425E-6	5.6146849E-8	50	1.0481177	
5377.5	2.5895325E-6	5.179065E-8	50	1.0443936	
5381.25	3.5037015E-6	7.0074029E-8	50	1.0600781	
5385	3.2514406E-6	6.5028812E-8	50	1.055764	
5388.75	2.8050813E-6	5.6101626E-8	50	1.0481187	
5392.5	2.9209392E-6	5.8418784E-8	50	1.0501164	
5396.25	3.2414687E-6	6.4829374E-8	50	1.0556275	
5400	3.8475833E-6	7.6951667E-8	50	1.0660427	
5403.75	3.4978354E-6	6.9956707E-8	50	1.0600518	
5407.5	2.4438998E-6	4.8877996E-8	50	1.0419662	
5411.25	2.695396E-6	5.3907921E-8	50	1.0462944	
5415	3.613112E-6	7.226224E-8	50	1.0620694	
5418.75	3.4967304E-6	6.9934608E-8	50	1.0600825	
5422.5	4.2237157E-6	8.4474315E-8	50	1.0725889	
5426.25	3.2441279E-6	6.4882558E-8	50	1.0557652	
5430	1.8052389E-6	3.6104778E-8	50	1.0310377	
5433.75	3.2951236E-6	6.5902473E-8	50	1.0566652	
5437.5	3.8026367E-6	7.6052734E-8	50	1.0654062	
5441.25	4.5907886E-6	9.1815773E-8	50	1.0789789	
5445	6.9148551E-6	1.382971E-7	50	1.1189863	
5448.75	6.1173721E-6	1.2234744E-7	50	1.1052854	
5452.5	4.8261472E-6	9.6522945E-8	50	1.0830795	
5456.25	4.4301959E-6	8.8603919E-8	50	1.0762791	
5460	2.4443451E-6	4.8886901E-8	50	1.0420954	
5463.75	2.5229215E-6	5.045843E-8	50	1.0434576	
5467.5	4.5405039E-6	9.0810077E-8	50	1.0782268	
5471.25	4.998818E-6	9.9976359E-8	50	1.0861407	
5475	3.4243832E-6	6.8487663E-8	50	1.0590219	
5478.75	3.2338042E-6	6.4676083E-8	50	1.0557486	
5482.5	4.2330373E-6	8.4660746E-8	50	1.0729898	
5486.25	4.0899073E-6	8.1798146E-8	50	1.0705363	
5490	4.314456E-6	8.628912E-8	50	1.0744243	
5493.75	5.5352309E-6	1.1070462E-7	50	1.0955023	
5497.5	5.141512E-6	1.0283024E-7	50	1.0887275	
5501.25	3.480283E-6	6.960566E-8	50	1.0600719	
5505	3.576712E-6	7.153424E-8	50	1.061749	
5508.75	3.5707249E-6	7.1414498E-8	50	1.0616583	
5512.5	3.2287779E-6	6.4575558E-8	50	1.0557652	
5516.25	4.4159897E-6	8.8319793E-8	50	1.0762855	
5520	4.446242E-6	8.8924839E-8	50	1.0768239	
5523.75	2.8110929E-6	5.6221858E-8	50	1.0485811	
5527.5	4.1229251E-6	8.2458501E-8	50	1.0712668	
5531.25	4.992883E-6	9.985766E-8	50	1.0863221	
5535	1.996267E-6	3.992534E-8	50	1.0345206	
5538.75	1.6987926E-6	3.3975851E-8	50	1.0293825	
5542.5	3.36864E-6	6.7372799E-8	50	1.0582764	
5546.25	2.7883317E-6	5.5766634E-8	50	1.0482472	
5550	3.3854313E-6	6.7708626E-8	50	1.0585909	
5553.75	4.2107601E-6	8.4215202E-8	50	1.0728897	
5557.5	2.9600021E-6	5.9200042E-8	50	1.0512491	
5561.25	3.9720108E-6	7.9440216E-8	50	1.068785	
5565	6.6086389E-6	1.3217278E-7	50	1.1144681	
5568.75	5.8444247E-6	1.1688849E-7	50	1.1012519	
5572.5	4.3619467E-6	8.7238933E-8	50	1.0755842	
5576.25	4.304956E-6	8.609912E-8	50	1.0746119	
5580	4.1669481E-6	8.3338961E-8	50	1.0722348	
5583.75	5.4081528E-6	1.0816306E-7	50	1.0937706	
5587.5	4.7554722E-6	9.5109444E-8	50	1.0824708	
5591.25	3.0732667E-6	6.1465334E-8	50	1.0533084	
5595	4.1263511E-6	8.2527022E-8	50	1.0715897	
5598.75	4.9700759E-6	9.9401517E-8	50	1.0862455	
5602.5	2.9886198E-6	5.9772397E-8	50	1.051872	
5606.25	2.2418272E-6	4.4836544E-8	50	1.0389182	
5610	4.5503495E-6	9.1006989E-8	50	1.0790105	
5613.75	4.0219221E-6	8.0438441E-8	50	1.0698494	
5617.5	2.5465942E-6	5.0931884E-8	50	1.0442362	
5621.25	3.9032632E-6	7.8065263E-8	50	1.0678164	
5625	5.1484258E-6	1.0296852E-7	50	1.0894685	
5628.75	4.4024514E-6	8.8049027E-8	50	1.0765207	
5632.5	2.4486293E-6	4.8972587E-8	50	1.0425693	
5636.25	1.6488272E-6	3.2976544E-8	50	1.0286707	
5640	1.7900305E-6	3.5800609E-8	50	1.0311323	
5643.75	2.4454677E-6	4.8909353E-8	50	1.0425405	
5647.5	4.3280318E-6	8.6560636E-8	50	1.0753043	
5651.25	5.5000669E-6	1.1000134E-7	50	1.0957163	
5655	4.8479438E-6	9.6958876E-8	50	1.0843849	
5658.75	3.6880266E-6	7.3760531E-8	50	1.0642081	
5662.5	3.0707108E-6	6.1414216E-8	50	1.0534717	
5666.25	3.8570293E-6	7.7140587E-8	50	1.0671779	
5670	4.8893528E-6	9.7787056E-8	50	1.0851754	
5673.75	3.7589266E-6	7.5178531E-8	50	1.0654961	
5677.5	2.0107356E-6	4.0214713E-8	50	1.0350425	
5681.25	2.2590306E-6	4.5180611E-8	50	1.0393778	
5685	2.8534457E-6	5.7068915E-8	50	1.0497494	
5688.75	3.2270346E-6	6.4540691E-8	50	1.0562744	
5692.5	3.2474811E-6	6.4949622E-8	50	1.0566426	
5696.25	3.0326873E-6	6.0653747E-8	50	1.052907	
5700	4.575882E-6	9.1517639E-8	50	1.0798452	
5703.75	4.9984461E-6	9.9968923E-8	50	1.0872365	
5707.5	2.9040994E-6	5.8081989E-8	50	1.0506948	
5711.25	1.5963205E-6	3.1926409E-8	50	1.0278716	
5715	1.7015626E-6	3.4031251E-8	50	1.0297151	
5718.75	1.7388159E-6	3.4776318E-8	50	1.0303719	
5722.5	1.9806556E-6	3.9613111E-8	50	1.0346032	
5726.25	3.0824916E-6	6.1649833E-8	50	1.053864	
5730	4.9119128E-6	9.8238256E-8	50	1.0858492	
5733.75	4.3618653E-6	8.7237306E-8	50	1.0762512	
5737.5	1.8866147E-6	3.7732293E-8	50	1.0329873	
5741.25	1.1607343E-6	2.3214685E-8	50	1.0202995	
5745	2.6700361E-6	5.3400723E-8	50	1.0467045	
5748.75	4.5357598E-6	9.0715197E-8	50	1.0793561	
5752.5	3.8450286E-6	7.6900573E-8	50	1.0672851	
5756.25	2.9017703E-6	5.8035406E-8	50	1.0507892	
5760	2.0623624E-6	4.1247248E-8	50	1.0361046	
5763.75	1.3306578E-6	2.6613155E-8	50	1.0232998	
5767.5	2.3026581E-6	4.6053163E-8	50	1.0403278	
5771.25	3.5053625E-6	7.0107251E-8	50	1.061404	
5775	2.2403851E-6	4.4807701E-8	50	1.0392532	
5778.75	2.8683871E-6	5.7367743E-8	50	1.0502666	
5782.5	3.819695E-6	7.6393899E-8	50	1.0669513	
5786.25	2.5716149E-6	5.1432297E-8	50	1.0450843	
5790	1.1026716E-6	2.2053432E-8	50	1.0193354	
5793.75	7.8952066E-7	1.5790413E-8	50	1.0138471	
5797.5	2.2945293E-6	4.5890587E-8	50	1.0402512	
5801.25	3.161154E-6	6.322308E-8	50	1.0554651	
5805	1.1147926E-6	2.2295852E-8	50	1.019564	
5808.75	8.4977713E-7	1.6995543E-8	50	1.0149162	
5812.5	2.5269552E-6	5.0539104E-8	50	1.0443647	
5816.25	2.0631118E-6	4.1262236E-8	50	1.0362286	
5820	2.1781255E-6	4.356251E-8	50	1.0382561	
5823.75	4.1836379E-6	8.3672757E-8	50	1.0734955	
5827.5	4.657321E-6	9.3146421E-8	50	1.0818335	
5831.25	3.6265806E-6	7.2531612E-8	50	1.0637355	
5835	2.6309025E-6	5.2618049E-8	50	1.0462463	
5838.75	3.1842221E-6	6.3684442E-8	50	1.0559841	
5842.5	3.3494695E-6	6.6989391E-8	50	1.0589014	
5846.25	1.6889093E-6	3.3778187E-8	50	1.029706	
5850	9.2397204E-7	1.8479441E-8	50	1.0162549	
5853.75	2.8644306E-6	5.7288612E-8	50	1.0504027	
5857.5	2.8596868E-6	5.7193737E-8	50	1.0503295	
5861.25	2.0129531E-6	4.0259062E-8	50	1.0354345	
5865	1.2891781E-6	2.5783563E-8	50	1.0226983	
5868.75	-2.8379346E-7	-5.6758692E-9	50	0.99500228	
5872.5	1.2689967E-6	2.5379934E-8	50	1.0223521	
5876.25	4.2232251E-6	8.4464502E-8	50	1.074403	
5880	2.5906101E-6	5.1812201E-8	50	1.0456496	
5883.75	7.1667792E-7	1.4333558E-8	50	1.0126313	
5887.5	1.5434873E-6	3.0869745E-8	50	1.0272091	
5891.25	1.0013706E-6	2.0027412E-8	50	1.0176561	
5895	9.8503623E-7	1.9700725E-8	50	1.0173716	
5898.75	1.4662442E-6	2.9324884E-8	50	1.0258632	
5902.5	1.2755413E-6	2.5510827E-8	50	1.022504	
5906.25	2.264795E-6	4.52959E-8	50	1.0399652	
5910	1.5121116E-6	3.0242232E-8	50	1.0266886	
5913.75	-2.4034165E-7	-4.806833E-9	50	0.99575714	
5917.5	6.482666E-7	1.2965332E-8	50	1.0114465	
5921.25	2.7422293E-6	5.4844587E-8	50	1.0484295	
5925	1.1588484E-6	2.3176969E-8	50	1.0204702	
5928.75	-1.2675329E-6	-2.5350659E-8	50	0.97760543	
5932.5	2.0358671E-7	4.0717342E-9	50	1.0035977	
5936.25	1.5719836E-6	3.1439672E-8	50	1.0277849	
5940	2.1252749E-6	4.2505497E-8	50	1.0375719	
5943.75	1.2280234E-6	2.4560467E-8	50	1.0217142	
5947.5	4.2270231E-7	8.4540462E-9	50	1.0074758	
5951.25	8.7489945E-7	1.7497989E-8	50	1.0154765	
5955	1.2443374E-6	2.4886748E-8	50	1.0220161	
5958.75	1.1177638E-6	2.2355277E-8	50	1.0197807	
5962.5	1.0492244E-6	2.0984487E-8	50	1.0185715	
5966.25	-4.9281044E-7	-9.8562087E-9	50	0.99127535	
5970	-2.2311107E-6	-4.4622213E-8	50	0.96049268	
5973.75	-1.3136525E-6	-2.627305E-8	50	0.9767338	
5977.5	-9.2163654E-8	-1.8432731E-9	50	0.99836735	
5981.25	-2.3936172E-7	-4.7872344E-9	50	0.99575892	
5985	-1.0107763E-6	-2.0215527E-8	50	0.9820871	
5988.75	3.9581648E-7	7.9163296E-9	50	1.0070161	
5992.5	5.612041E-7	1.1224082E-8	50	1.0099497	
5996.25	1.194793E-7	2.3895859E-9	50	1.0021187	
6000	2.5767354E-7	5.1534709E-9	50	1.0045702	
6003.75	-1.1310769E-7	-2.2621538E-9	50	0.99799347	
6007.5	1.4660557E-6	2.9321114E-8	50	1.0260132	
6011.25	2.9956914E-6	5.9913828E-8	50	1.0531654	
6015	1.3521496E-6	2.7042991E-8	50	1.0240019	
6018.75	1.1090337E-6	2.2180674E-8	50	1.0196904	
6022.5	1.2092642E-6	2.4185284E-8	50	1.0214744	
6026.25	-2.0863551E-7	-4.1727103E-9	50	0.99629425	
6030	3.3211447E-7	6.6422894E-9	50	1.0059002	
6033.75	8.2618341E-7	1.6523668E-8	50	1.0146806	
6037.5	-4.1840902E-7	-8.3681803E-9	50	0.99256371	
6041.25	-5.4467311E-7	-1.0893462E-8	50	0.99031765	
6045	2.97616E-7	5.9523199E-9	50	1.0052916	
6048.75	1.4531217E-6	2.9062434E-8	50	1.0258419	
6052.5	4.5048633E-7	9.0097265E-9	50	1.008013	
6056.25	-1.5518758E-7	-3.1037516E-9	50	0.99723905	
6060	1.5328457E-6	3.0656913E-8	50	1.0272766	
6063.75	5.710396E-7	1.1420792E-8	50	1.0101636	
6067.5	-1.4270671E-6	-2.8541341E-8	50	0.97459527	
6071.25	-4.1107597E-8	-8.2215194E-10	50	0.99926805	
6075	4.3318183E-7	8.6636366E-9	50	1.0077147	
6078.75	3.0548253E-7	6.1096507E-9	50	1.0054416	
6082.5	2.2953042E-7	4.5906083E-9	50	1.0040895	
6086.25	-6.2579483E-7	-1.2515897E-8	50	0.98884807	
6090	-4.682335E-7	-9.36467E-9	50	0.99165416	
6093.75	1.723789E-6	3.4475781E-8	50	1.0307313	
6097.5	1.2986945E-6	2.597389E-8	50	1.0231576	
6101.25	9.9919332E-7	1.9983866E-8	50	1.0178208	
6105	2.5062611E-7	5.0125221E-9	50	1.0044709	
6108.75	-1.0680931E-6	-2.1361861E-8	50	0.98094252	
6112.5	-1.1146642E-6	-2.2293284E-8	50	0.98010747	
6116.25	-1.2868084E-6	-2.5736167E-8	50	0.9770306	
6120	-8.9173239E-7	-1.7834648E-8	50	0.98407938	
6123.75	-6.4361802E-7	-1.287236E-8	50	0.98850673	
6127.5	-1.7679054E-6	-3.5358108E-8	50	0.9684235	
6131.25	-1.6051392E-6	-3.2102783E-8	50	0.97132474	
6135	-3.7074003E-7	-7.4148007E-9	50	0.99337549	
6138.75	-3.6167707E-7	-7.2335414E-9	50	0.99353609	
6142.5	-1.0757934E-6	-2.1515867E-8	50	0.9807694	
6146.25	-1.0082323E-6	-2.0164647E-8	50	0.98197339	
6150	-6.6527085E-7	-1.3305417E-8	50	0.98810288	
6153.75	-7.8875025E-7	-1.5775005E-8	50	0.98589177	
6157.5	-1.6207234E-6	-3.2414468E-8	50	0.97100444	
6161.25	-5.8271922E-7	-1.1654384E-8	50	0.98957271	
6165	-2.2953867E-7	-4.5907735E-9	50	0.99589174	
6168.75	-8.6215978E-7	-1.7243196E-8	50	0.98456598	
6172.5	-3.3269128E-7	-6.6538256E-9	50	0.99404307	
6176.25	-6.7660988E-7	-1.3532198E-8	50	0.98788262	
6180	-2.2233003E-6	-4.4466007E-8	50	0.96017479	
6183.75	-1.4930502E-6	-2.9861004E-8	50	0.97325	
6187.5	-1.4343978E-6	-2.8687956E-8	50	0.97429554	
6191.25	-1.2375951E-6	-2.4751902E-8	50	0.97781769	
6195	1.1206663E-6	2.2413326E-8	50	1.0200906	
6198.75	5.6862195E-7	1.1372439E-8	50	1.010196	
6202.5	-1.4846876E-6	-2.9693752E-8	50	0.97337245	
6206.25	-1.3546344E-6	-2.7092688E-8	50	0.97569994	
6210	-1.2822339E-6	-2.5644677E-8	50	0.97699397	
6213.75	-8.265733E-7	-1.6531466E-8	50	0.98516646	
6217.5	-1.9445194E-6	-3.8890387E-8	50	0.96509683	
6221.25	-1.4794253E-6	-2.9588506E-8	50	0.9734396	
6225	1.8485227E-6	3.6970455E-8	50	1.0331937	
6228.75	9.2825021E-7	1.8565004E-8	50	1.0166719	
6232.5	-1.7903589E-6	-3.5807179E-8	50	0.96783761	
6236.25	-9.5040846E-7	-1.9008169E-8	50	0.98292317	
6240	-1.6302335E-6	-3.260467E-8	50	0.97070217	
6243.75	-1.8439386E-6	-3.6878773E-8	50	0.96685479	
6247.5	-5.0286164E-7	-1.0057233E-8	50	0.99095911	
6251.25	-1.164667E-6	-2.329334E-8	50	0.97905631	
6255	-1.0790232E-6	-2.1580465E-8	50	0.98059245	
6258.75	-6.5155571E-7	-1.3031114E-8	50	0.98827858	
6262.5	-3.1337292E-6	-6.2674584E-8	50	0.94361306	
6266.25	-1.5542641E-6	-3.1085282E-8	50	0.97202756	
6270	2.4092744E-7	4.8185489E-9	50	1.0043369	
6273.75	-1.6496242E-6	-3.2992484E-8	50	0.97029925	
6277.5	-2.8965238E-6	-5.7930477E-8	50	0.94783876	
6281.25	-1.3426296E-6	-2.6852592E-8	50	0.9758167	
6285	-6.3700434E-7	-1.2740087E-8	50	0.98852401	
6288.75	-1.8549466E-6	-3.7098932E-8	50	0.9665753	
6292.5	-1.4101694E-6	-2.8203387E-8	50	0.97458466	
6296.25	-1.4304633E-7	-2.8609265E-9	50	0.99742137	
6300	-1.0246802E-6	-2.0493603E-8	50	0.98152477	
6303.75	-2.0282445E-6	-4.056489E-8	50	0.96342281	
6307.5	-2.9399056E-7	-5.8798113E-9	50	0.99469712	
6311.25	-2.2045705E-8	-4.409141E-10	50	0.99960227	
6315	-1.058987E-6	-2.117974E-8	50	0.98089062	
6318.75	-1.2446806E-6	-2.4893612E-8	50	0.97753521	
6322.5	-5.4732321E-7	-1.0946464E-8	50	0.99011954	
6326.25	-1.8270556E-6	-3.6541112E-8	50	0.96701065	
6330	-3.101268E-6	-6.202536E-8	50	0.94399199	
6333.75	-2.1606319E-6	-4.3212638E-8	50	0.96097162	
6337.5	-9.113602E-7	-1.8227204E-8	50	0.98353435	
6341.25	-9.2730154E-7	-1.8546031E-8	50	0.98324291	
6345	-1.0700745E-6	-2.140149E-8	50	0.98065891	
6348.75	-3.8909116E-7	-7.7818232E-9	50	0.99296592	
6352.5	-9.2844755E-7	-1.8568951E-8	50	0.98321186	
6356.25	-1.946974E-6	-3.893948E-8	50	0.96478766	
6360	-1.4001058E-6	-2.8002117E-8	50	0.97467293	
6363.75	-1.1780183E-6	-2.3560367E-8	50	0.97868596	
6367.5	-1.0956529E-6	-2.1913058E-8	50	0.98017212	
6371.25	-1.7146916E-6	-3.4293832E-8	50	0.96896304	
6375	-1.163327E-6	-2.326654E-8	50	0.97893872	
6378.75	-4.7390967E-7	-9.4781933E-9	50	0.99141839	
6382.5	-1.9293138E-8	-3.8586277E-10	50	0.99965057	
6386.25	8.6566734E-7	1.7313347E-8	50	1.0156821	
6390	5.1514733E-7	1.0302947E-8	50	1.0093342	
6393.75	2.1190168E-6	4.2380336E-8	50	1.0384033	
6397.5	1.6471998E-6	3.2943995E-8	50	1.0298587	
6401.25	-7.9864282E-7	-1.5972856E-8	50	0.98552	
6405	-7.5240508E-7	-1.5048102E-8	50	0.98635547	
6408.75	-3.4055402E-7	-6.8110805E-9	50	0.99382291	
6412.5	2.5415388E-7	5.0830775E-9	50	1.0046109	
6416.25	1.6148677E-6	3.2297353E-8	50	1.0293034	
6420	1.2785391E-6	2.5570782E-8	50	1.0232053	
6423.75	1.1015345E-6	2.203069E-8	50	1.0199969	
6427.5	1.2352481E-6	2.4704963E-8	50	1.022429	
6431.25	1.182798E-6	2.3655959E-8	50	1.0214812	
6435	1.7352167E-6	3.4704334E-8	50	1.0315206	
6438.75	3.274513E-6	6.549026E-8	50	1.0594948	
6442.5	4.6388169E-6	9.2776339E-8	50	1.0843009	
6446.25	3.8715421E-6	7.7430841E-8	50	1.0703722	
6450	3.6383698E-6	7.2767396E-8	50	1.066148	
6453.75	4.2701976E-6	8.5403952E-8	50	1.0776516	
6457.5	3.6321193E-6	7.2642386E-8	50	1.0660625	
6461.25	3.2452284E-6	6.4904569E-8	50	1.0590381	
6465	1.1537044E-6	2.3074087E-8	50	1.020993	
6468.75	-7.087806E-7	-1.4175612E-8	50	0.98710015	
6472.5	4.7131879E-7	9.4263758E-9	50	1.0085799	
6476.25	1.4800463E-6	2.9600926E-8	50	1.0269484	
6480	1.6713651E-6	3.3427303E-8	50	1.0304384	
6483.75	2.0691942E-6	4.1383883E-8	50	1.0376916	
6487.5	4.3529741E-6	8.7059483E-8	50	1.0793088	
6491.25	3.766857E-6	7.533714E-8	50	1.0686446	
6495	1.4696798E-6	2.9393596E-8	50	1.0267881	
6498.75	1.2988269E-6	2.5976538E-8	50	1.023679	
6502.5	3.4929694E-7	6.9859388E-9	50	1.0063694	
6506.25	3.3768438E-7	6.7536875E-9	50	1.0061589	
6510	2.0882737E-6	4.1765474E-8	50	1.0380956	
6513.75	1.1895943E-6	2.3791887E-8	50	1.0217059	
6517.5	-7.0798758E-7	-1.4159752E-8	50	0.98707901	
6521.25	-5.2620816E-9	-1.0524163E-10	50	0.99990395	
6525	8.2014552E-7	1.640291E-8	50	1.0149742	
6528.75	8.0688883E-7	1.6137777E-8	50	1.0147352	
6532.5	9.4767274E-7	1.8953455E-8	50	1.0173098	
6536.25	1.6054773E-6	3.2109546E-8	50	1.0293311	
6540	-8.5713389E-8	-1.7142678E-9	50	0.99843375	
6543.75	-8.6480559E-7	-1.7296112E-8	50	0.98419401	
6547.5	1.333764E-6	2.6675279E-8	50	1.0243821	
6551.25	8.937882E-7	1.7875764E-8	50	1.0163424	
6555	-1.3699215E-6	-2.739843E-8	50	0.97494662	
6558.75	2.5622035E-7	5.1244069E-9	50	1.0046868	
6562.5	-1.0864193E-7	-2.1728386E-9	50	0.99801233	
6566.25	-3.1168586E-6	-6.2337173E-8	50	0.94296359	
6570	-1.5775603E-6	-3.1551206E-8	50	0.9711259	
6573.75	1.1906435E-7	2.3812871E-9	50	1.0021797	
6577.5	2.022507E-7	4.045014E-9	50	1.0037033	
6581.25	-1.2310969E-7	-2.4621938E-9	50	0.99774537	
6585	-2.3866212E-6	-4.7732425E-8	50	0.95628287	
6588.75	-2.6067418E-6	-5.2134836E-8	50	0.95224141	
6592.5	3.6532161E-7	7.3064322E-9	50	1.0066944	
6596.25	7.0542992E-7	1.4108598E-8	50	1.0129293	
6600	-1.2948467E-6	-2.5896933E-8	50	0.97626304	
6603.75	-7.9443787E-7	-1.5888757E-8	50	0.98543367	
6607.5	1.2246135E-6	2.449227E-8	50	1.0224581	
6611.25	2.0042237E-6	4.0084475E-8	50	1.0367622	
6615	1.8314189E-6	3.6628378E-8	50	1.0335989	
6618.75	1.5639741E-6	3.1279481E-8	50	1.0286978	
6622.5	1.5333785E-7	3.066757E-9	50	1.0028142	
6626.25	-7.4189847E-7	-1.4837969E-8	50	0.9863816	
6630	-1.4427564E-6	-2.8855129E-8	50	0.97351161	
6633.75	-8.3128336E-7	-1.6625667E-8	50	0.98473516	
6637.5	1.4280327E-7	2.8560653E-9	50	1.0026228	
6641.25	7.1597886E-7	1.4319577E-8	50	1.0131524	
6645	-4.0013515E-8	-8.002703E-10	50	0.99926482	
6648.75	-1.1566334E-6	-2.3132667E-8	50	0.97874505	
6652.5	-1.940107E-6	-3.880214E-8	50	0.9643409	
6656.25	-2.0041857E-7	-4.0083713E-9	50	0.99631563	
6660	6.1079685E-7	1.2215937E-8	50	1.0112306	
6663.75	-1.1975695E-6	-2.395139E-8	50	0.97797647	
6667.5	-1.8762745E-7	-3.7525491E-9	50	0.99654885	
6671.25	1.1569862E-6	2.3139724E-8	50	1.0212851	
6675	-5.7106278E-7	-1.1421256E-8	50	0.98949216	
6678.75	-8.3020823E-7	-1.6604165E-8	50	0.98472087	
6682.5	-2.2182978E-6	-4.4365955E-8	50	0.95916678	
6686.25	-2.7156593E-6	-5.4313186E-8	50	0.9500021	
6690	5.1804632E-7	1.0360926E-8	50	1.0095396	
6693.75	1.3153146E-6	2.6306293E-8	50	1.0242255	
6697.5	-1.7197936E-6	-3.4395872E-8	50	0.96831863	
6701.25	-2.878905E-6	-5.75781E-8	50	0.94695555	
6705	-4.3099506E-7	-8.6199013E-9	50	0.99205726	
6708.75	9.5538589E-7	1.9107718E-8	50	1.0176102	
6712.5	7.578685E-7	1.515737E-8	50	1.0139722	
6716.25	1.5473388E-7	3.0946777E-9	50	1.0028533	
6720	-9.1638488E-7	-1.8327698E-8	50	0.98309845	
6723.75	-1.519021E-6	-3.038042E-8	50	0.9719778	
6727.5	-5.9802435E-7	-1.1960487E-8	50	0.98896562	
6731.25	-2.0805421E-7	-4.1610842E-9	50	0.9961603	
6735	4.2256806E-7	8.4513612E-9	50	1.0078003	
6738.75	-9.1932591E-7	-1.8386518E-8	50	0.98302627	
6742.5	-3.2076199E-6	-6.4152398E-8	50	0.940764	
6746.25	-1.4812329E-6	-2.9624657E-8	50	0.9726396	
6750	-7.7920546E-7	-1.5584109E-8	50	0.98560377	
6753.75	4.3153345E-7	8.630669E-9	50	1.0079746	
6757.5	1.8036583E-6	3.6073166E-8	50	1.0333388	
6761.25	3.2897242E-7	6.5794485E-9	50	1.0060821	
6765	-7.7746753E-7	-1.5549351E-8	50	0.98562252	
6768.75	-6.538699E-7	-1.3077398E-8	50	0.98790527	
6772.5	-6.5150135E-7	-1.3030027E-8	50	0.98794614	
6776.25	-2.463398E-7	-4.926796E-9	50	0.99544117	
6780	4.343548E-7	8.687096E-9	50	1.0080403	
6783.75	1.1224382E-7	2.2448765E-9	50	1.0020783	
6787.5	-1.424913E-7	-2.8498261E-9	50	0.997361	
6791.25	9.146804E-7	1.8293608E-8	50	1.0169448	
6795	1.3990059E-6	2.7980118E-8	50	1.025924	
6798.75	-2.4540435E-7	-4.908087E-9	50	0.99545135	
6802.5	-1.5981048E-6	-3.1962096E-8	50	0.9703704	
6806.25	-2.1457675E-7	-4.291535E-9	50	0.99602053	
6810	1.5694382E-6	3.1388764E-8	50	1.0291145	
6813.75	4.788127E-7	9.5762539E-9	50	1.008885	
6817.5	-1.5641526E-6	-3.1283052E-8	50	0.97096674	
6821.25	-2.0033766E-7	-4.0067533E-9	50	0.99628031	
6825	3.0062266E-6	6.0124531E-8	50	1.0558336	
6828.75	2.2156907E-6	4.4313815E-8	50	1.0411636	
6832.5	-4.3873561E-7	-8.7747121E-9	50	0.9918466	
6836.25	-1.1481357E-6	-2.2962714E-8	50	0.97865667	
6840	-1.0683711E-6	-2.1367422E-8	50	0.98013333	
6843.75	-9.5498036E-7	-1.9099607E-8	50	0.98223634	
6847.5	-4.6497628E-7	-9.2995256E-9	50	0.99134823	
6851.25	-4.6770064E-7	-9.3540128E-9	50	0.99129479	
6855	-7.3625068E-7	-1.4725014E-8	50	0.98629197	
6858.75	-1.0670481E-6	-2.1340963E-8	50	0.98012661	
6862.5	-7.1689843E-8	-1.4337969E-9	50	0.99866437	
6866.25	8.3902886E-7	1.6780577E-8	50	1.0156367	
6870	-6.0097141E-7	-1.2019428E-8	50	0.98879628	
6873.75	-4.6020782E-7	-9.2041565E-9	50	0.9914177	
6877.5	3.0655423E-7	6.1310846E-9	50	1.0057187	
6881.25	-1.7955061E-6	-3.5910122E-8	50	0.96649417	
6885	-8.8809926E-7	-1.7761985E-8	50	0.98342179	
6888.75	5.2715802E-7	1.054316E-8	50	1.0098437	
6892.5	-1.4769373E-6	-2.9538745E-8	50	0.97241176	
6896.25	1.1631716E-7	2.3263432E-9	50	1.0021734	
6900	1.553508E-6	3.1070161E-8	50	1.0290377	
6903.75	-8.6698388E-7	-1.7339678E-8	50	0.98378927	
6907.5	6.0519786E-9	1.2103957E-10	50	1.0001132	
6911.25	1.3530111E-6	2.7060222E-8	50	1.0253151	
6915	-4.5530861E-7	-9.1061723E-9	50	0.99147829	
6918.75	-1.1871251E-6	-2.3742502E-8	50	0.97777406	
6922.5	-2.7526448E-7	-5.5052895E-9	50	0.99484467	
6926.25	6.899997E-7	1.3799994E-8	50	1.012927	
6930	5.7847621E-7	1.1569524E-8	50	1.0108411	
6933.75	-3.8044465E-7	-7.608893E-9	50	0.99286782	
6937.5	-1.1736465E-6	-2.3472931E-8	50	0.97799059	
6941.25	9.3977738E-7	1.8795548E-8	50	1.0176293	
6945	2.1355462E-6	4.2710923E-8	50	1.0400737	
6948.75	8.4514462E-7	1.6902892E-8	50	1.0158642	
6952.5	9.1153227E-7	1.8230645E-8	50	1.0171158	
6956.25	1.746644E-8	3.4932879E-10	50	1.0003281	
6960	-1.207785E-6	-2.41557E-8	50	0.97730723	
6963.75	1.7031659E-6	3.4063318E-8	50	1.0320103	
6967.5	4.1845013E-6	8.3690026E-8	50	1.0786701	
6971.25	4.4531452E-6	8.9062903E-8	50	1.0837462	
6975	2.9115136E-6	5.8230273E-8	50	1.0547707	
6978.75	1.4406255E-6	2.881251E-8	50	1.0271088	
6982.5	2.9501161E-6	5.9002321E-8	50	1.0555298	
6986.25	3.6687233E-6	7.3374466E-8	50	1.0690763	
6990	1.0390505E-6	2.078101E-8	50	1.0195693	
6993.75	-6.1167631E-7	-1.2233526E-8	50	0.98847648	
6997.5	1.3015518E-6	2.6031036E-8	50	1.0245272	
7001.25	1.2494636E-6	2.4989271E-8	50	1.0235521	
7005	2.2082848E-7	4.4165696E-9	50	1.0041637	
7008.75	2.7027511E-6	5.4055022E-8	50	1.0509742	
7012.5	2.0442459E-6	4.0884918E-8	50	1.0385651	
7016.25	7.3035876E-7	1.4607175E-8	50	1.013782	
7020	1.7807738E-6	3.5615477E-8	50	1.0336124	
7023.75	1.3586076E-6	2.7172153E-8	50	1.0256506	
7027.5	1.0635716E-6	2.1271432E-8	50	1.0200854	
7031.25	1.25265E-6	2.5053001E-8	50	1.0236621	
7035	1.1144666E-6	2.2289332E-8	50	1.0210571	
7038.75	1.7001353E-6	3.4002707E-8	50	1.0321308	
7042.5	3.1630022E-6	6.3260043E-8	50	1.0597919	
7046.25	3.9165945E-6	7.8331891E-8	50	1.0740551	
7050	2.7910584E-6	5.5821168E-8	50	1.0527858	
7053.75	9.9559303E-7	1.9911861E-8	50	1.0188335	
7057.5	1.6249365E-6	3.2498729E-8	50	1.0307457	
7061.25	1.6251463E-6	3.2502926E-8	50	1.0307566	
7065	-4.1205532E-7	-8.2411065E-9	50	0.99219994	
7068.75	9.9914387E-7	1.9982877E-8	50	1.0189176	
7072.5	3.213615E-6	6.42723E-8	50	1.060859	
7076.25	3.235448E-6	6.470896E-8	50	1.0612854	
7080	3.835116E-6	7.6702319E-8	50	1.0726593	
7083.75	4.3196276E-6	8.6392552E-8	50	1.0818556	
7087.5	4.4198859E-6	8.8397717E-8	50	1.0837723	
7091.25	3.5986094E-6	7.1972187E-8	50	1.0682198	
7095	2.329878E-6	4.659756E-8	50	1.0441767	
7098.75	2.9640352E-6	5.9280703E-8	50	1.0562117	
7102.5	3.6621678E-6	7.3243356E-8	50	1.0694645	
7106.25	2.3649052E-6	4.7298104E-8	50	1.0448661	
7110	2.6474959E-6	5.2949917E-8	50	1.0502365	
7113.75	2.8686884E-6	5.7373769E-8	50	1.0544433	
7117.5	1.0555513E-6	2.1111027E-8	50	1.0200362	
7121.25	1.3241438E-6	2.6482877E-8	50	1.0251389	
7125	2.8736873E-6	5.7473745E-8	50	1.0545661	
7128.75	2.0077804E-6	4.0155607E-8	50	1.0381304	
7132.5	1.8727677E-7	3.7455354E-9	50	1.0035572	
7136.25	1.8299119E-6	3.6598238E-8	50	1.0347635	
7140	3.2647816E-6	6.5295632E-8	50	1.0620318	
7143.75	2.562349E-6	5.124698E-8	50	1.0486927	
7147.5	2.8438787E-6	5.6877574E-8	50	1.0540506	
7151.25	2.4822078E-6	4.9644156E-8	50	1.0471835	
7155	1.2037954E-6	2.4075909E-8	50	1.0228858	
7158.75	2.5966356E-6	5.1932712E-8	50	1.0493724	
7162.5	3.8551894E-6	7.7103787E-8	50	1.0733123	
7166.25	2.1140466E-6	4.2280933E-8	50	1.040207	
7170	3.0128985E-6	6.0257969E-8	50	1.0573096	
7173.75	5.8589803E-6	1.1717961E-7	50	1.1114598	
7177.5	4.3786003E-6	8.7572007E-8	50	1.0833074	
7181.25	1.9327984E-6	3.8655967E-8	50	1.0367778	
7185	3.3817853E-6	6.7635705E-8	50	1.0643569	
7188.75	3.6778203E-6	7.3556405E-8	50	1.0699984	
7192.5	1.5590237E-6	3.1180473E-8	50	1.0296754	
7196.25	1.792146E-6	3.584292E-8	50	1.0341165	
7200	3.0051471E-6	6.0102943E-8	50	1.0572139	
7203.75	5.9670628E-6	1.1934126E-7	50	1.1136162	
7207.5	7.4836876E-6	1.4967375E-7	50	1.1425078	
7211.25	6.2863104E-6	1.2572621E-7	50	1.1197184	
7215	4.5224875E-6	9.0449749E-8	50	1.0861359	
7218.75	4.6400924E-6	9.2801848E-8	50	1.0883841	
7222.5	7.0458875E-6	1.4091775E-7	50	1.134222	
7226.25	5.1807569E-6	1.0361514E-7	50	1.0987008	
7230	2.2507566E-6	4.5015131E-8	50	1.042884	
7233.75	3.9963849E-6	7.9927699E-8	50	1.0761505	
7237.5	3.9151773E-6	7.8303547E-8	50	1.0746097	
7241.25	3.0886486E-6	6.1772971E-8	50	1.0588641	
7245	4.4606331E-6	8.9212662E-8	50	1.085019	
7248.75	3.7398776E-6	7.4797552E-8	50	1.0712877	
7252.5	2.8995969E-6	5.7991938E-8	50	1.0552754	
7256.25	4.7784083E-6	9.5568166E-8	50	1.0910993	
7260	5.016819E-6	1.0033638E-7	50	1.0956528	
7263.75	2.2798387E-6	4.5596774E-8	50	1.0434721	
7267.5	1.9392505E-6	3.878501E-8	50	1.036981	
7271.25	3.7036329E-6	7.4072657E-8	50	1.0706334	
7275	4.370172E-6	8.740344E-8	50	1.0833526	
7278.75	2.4489583E-6	4.8979165E-8	50	1.0467133	
7282.5	3.3244533E-6	6.6489067E-8	50	1.0634188	
7286.25	4.5543155E-6	9.1086309E-8	50	1.0868881	
7290	3.8046111E-6	7.6092223E-8	50	1.0725918	
7293.75	3.1168772E-6	6.2337545E-8	50	1.0594754	
7297.5	2.8400904E-6	5.6801808E-8	50	1.054199	
7301.25	4.6878225E-6	9.375645E-8	50	1.0894689	
7305	6.2157715E-6	1.2431543E-7	50	1.118642	
7308.75	5.7473038E-6	1.1494608E-7	50	1.1097113	
7312.5	4.5619241E-6	9.1238481E-8	50	1.0870923	
7316.25	4.4584966E-6	8.9169932E-8	50	1.0851267	
7320	5.1778406E-6	1.0355681E-7	50	1.0988718	
7323.75	4.6420431E-6	9.2840862E-8	50	1.0886504	
7327.5	3.9682875E-6	7.936575E-8	50	1.0757921	
7331.25	5.8566414E-6	1.1713283E-7	50	1.1118715	
7335	6.2903955E-6	1.2580791E-7	50	1.1201712	
7338.75	5.670743E-6	1.1341486E-7	50	1.1083467	
7342.5	3.698883E-6	7.397766E-8	50	1.0706807	
7346.25	2.2675097E-6	4.5350194E-8	50	1.0433346	
7350	4.2375482E-6	8.4750964E-8	50	1.080995	
7353.75	3.5546399E-6	7.1092798E-8	50	1.0679514	
7357.5	2.4523743E-6	4.9047487E-8	50	1.0468868	
7361.25	3.5034905E-6	7.006981E-8	50	1.0669927	
7365	2.621304E-6	5.242608E-8	50	1.0501313	
7368.75	2.1781964E-6	4.3563928E-8	50	1.0416634	
7372.5	3.8304902E-6	7.6609803E-8	50	1.0732791	
7376.25	1.5633894E-6	3.1267788E-8	50	1.0299132	
7380	-1.064019E-7	-2.1280379E-9	50	0.99796382	
7383.75	2.8561564E-6	5.7123127E-8	50	1.0546667	
7387.5	2.8921953E-6	5.7843906E-8	50	1.055366	
7391.25	4.3377653E-8	8.6755305E-10	50	1.0008305	
7395	2.0748389E-6	4.1496777E-8	50	1.0397332	
7398.75	4.6456637E-6	9.2913273E-8	50	1.0889807	
7402.5	4.1092664E-6	8.2185329E-8	50	1.0787214	
7406.25	2.2141606E-6	4.4283211E-8	50	1.0424248	
7410	2.5810773E-6	5.1621546E-8	50	1.0494646	
7413.75	3.4176857E-6	6.8353714E-8	50	1.0655104	
7417.5	3.1832434E-6	6.3664867E-8	50	1.0610287	
7421.25	3.6221021E-6	7.2442041E-8	50	1.0694563	
7425	4.4989404E-6	8.9978809E-8	50	1.0862877	
7428.75	2.8033692E-6	5.6067385E-8	50	1.0537784	
7432.5	1.5462273E-6	3.0924545E-8	50	1.0296682	
7436.25	4.7124373E-7	9.4248747E-9	50	1.0090439	
7440	7.5341746E-7	1.5068349E-8	50	1.0144623	
7443.75	2.7152835E-6	5.4305671E-8	50	1.0521326	
7447.5	2.5855304E-6	5.1710608E-8	50	1.0496521	
7451.25	4.8308929E-7	9.6617858E-9	50	1.0092792	
7455	6.6354294E-7	1.3270859E-8	50	1.0127482	
7458.75	2.0694727E-6	4.1389455E-8	50	1.0397681	
7462.5	3.0582479E-6	6.1164957E-8	50	1.058782	
7466.25	4.4075163E-6	8.8150326E-8	50	1.0847351	
7470	2.8749401E-6	5.7498802E-8	50	1.0552836	
7473.75	1.3472394E-6	2.6944788E-8	50	1.0259126	
7477.5	2.9033174E-6	5.8066349E-8	50	1.0558548	
7481.25	2.1798549E-6	4.3597099E-8	50	1.0419463	
7485	-1.3068811E-6	-2.6137623E-8	50	0.97484628	
7488.75	-1.5547275E-6	-3.109455E-8	50	0.970069	
7492.5	1.6649267E-6	3.3298533E-8	50	1.03206	
7496.25	4.4592615E-6	8.9185231E-8	50	1.085888	
7500	9.4781824E-7	1.8956365E-8	50	1.0182598	
7503.75	-8.0010214E-7	-1.6002043E-8	50	0.98458234	
7507.5	1.8817128E-6	3.7634256E-8	50	1.0362684	
7511.25	3.5600043E-6	7.1200087E-8	50	1.0686322	
7515	1.9264818E-6	3.8529637E-8	50	1.0371488	
7518.75	5.6216753E-7	1.1243351E-8	50	1.010843	
7522.5	1.9715343E-6	3.9430686E-8	50	1.0380355	
7526.25	1.8931981E-6	3.7863963E-8	50	1.0365328	
7530	1.0112002E-8	2.0224005E-10	50	1.0001952	
7533.75	2.0234348E-6	4.0468696E-8	50	1.0390643	
7537.5	4.4245819E-6	8.8491638E-8	50	1.0854408	
7541.25	3.4099977E-6	6.8199954E-8	50	1.0658641	
7545	2.1831539E-6	4.3663079E-8	50	1.0421775	
7548.75	2.8606771E-6	5.7213541E-8	50	1.0552798	
7552.5	3.5254137E-6	7.0508274E-8	50	1.068141	
7556.25	3.3022856E-6	6.6045713E-8	50	1.0638431	
7560	4.8609509E-6	9.7219018E-8	50	1.0939984	
7563.75	4.4983779E-6	8.9967558E-8	50	1.0870072	
7567.5	1.76713E-6	3.53426E-8	50	1.0341875	
7571.25	9.2559622E-7	1.8511924E-8	50	1.017911	
7575	2.0070885E-6	4.014177E-8	50	1.0388475	
7578.75	3.0890621E-6	6.1781242E-8	50	1.0598029	
7582.5	2.4357926E-6	4.8715852E-8	50	1.0471666	
7586.25	1.9061012E-8	3.8122024E-10	50	1.0003692	
7590	-1.4407636E-7	-2.8815271E-9	50	0.99720886	
7593.75	1.5607817E-6	3.1215635E-8	50	1.0302433	
7597.5	1.597696E-6	3.1953921E-8	50	1.0309655	
7601.25	1.3573533E-6	2.7147066E-8	50	1.0263132	
7605	1.8452206E-6	3.6904411E-8	50	1.0357788	
7608.75	3.1023869E-6	6.2047739E-8	50	1.0601686	
7612.5	4.5900921E-6	9.1801841E-8	50	1.0890413	
7616.25	3.5669838E-6	7.1339677E-8	50	1.0692097	
7620	4.7042125E-6	9.408425E-8	50	1.0912952	
7623.75	4.3344087E-6	8.6688174E-8	50	1.0841369	
7627.5	1.6073624E-6	3.2147249E-8	50	1.031208	
7631.25	3.4077785E-7	6.8155569E-9	50	1.0066179	
7635	1.9856389E-6	3.9712779E-8	50	1.0385692	
7638.75	4.5174701E-6	9.0349402E-8	50	1.0877668	
7642.5	5.9790204E-6	1.1958041E-7	50	1.1161874	
7646.25	3.1019217E-6	6.2038434E-8	50	1.0602912	
7650	1.5453188E-6	3.0906377E-8	50	1.0300424	
7653.75	1.5478109E-6	3.0956218E-8	50	1.0300973	
7657.5	-5.4476646E-7	-1.0895329E-8	50	0.9894047	
7661.25	1.1701755E-6	2.340351E-8	50	1.0227639	
7665	1.9476219E-6	3.8952437E-8	50	1.037896	
7668.75	5.9308332E-7	1.1861666E-8	50	1.0115424	
7672.5	1.8849471E-6	3.7698943E-8	50	1.0366921	
7676.25	3.5052124E-6	7.0104247E-8	50	1.0682464	
7680	1.8146135E-6	3.629227E-8	50	1.0353379	
7683.75	3.1463619E-7	6.2927239E-9	50	1.0061285	
7687.5	3.8991727E-7	7.7983453E-9	50	1.0075965	
7691.25	2.4864272E-6	4.9728543E-8	50	1.0484515	
7695	3.6891928E-6	7.3783855E-8	50	1.0719042	
7698.75	3.4448088E-6	6.8896176E-8	50	1.0671551	
7702.5	2.1690239E-6	4.3380479E-8	50	1.0422931	
7706.25	3.4040555E-6	6.808111E-8	50	1.0663884	
7710	4.2319594E-6	8.4639188E-8	50	1.082552	
7713.75	3.0387197E-6	6.0774394E-8	50	1.059288	
7717.5	2.6066648E-6	5.2133297E-8	50	1.0508688	
7721.25	1.4097268E-6	2.8194537E-8	50	1.0275164	
7725	-1.5047208E-6	-3.0094417E-8	50	0.97062334	
7728.75	-4.5195594E-6	-9.0391188E-8	50	0.91174641	
7732.5	-1.9319347E-6	-3.8638695E-8	50	0.96226725	
7736.25	1.6371984E-6	3.2743969E-8	50	1.0319828	
7740	6.0651371E-7	1.2130274E-8	50	1.0118507	
7743.75	8.7169252E-7	1.743385E-8	50	1.0170356	
7747.5	1.1392596E-6	2.2785192E-8	50	1.0222693	
7751.25	-1.426162E-7	-2.852324E-9	50	0.99721169	
7755	-2.2983371E-6	-4.5966742E-8	50	0.95505565	
7758.75	-2.3293321E-6	-4.6586642E-8	50	0.95444022	
7762.5	6.6934569E-7	1.3386914E-8	50	1.0130945	
7766.25	1.8497886E-6	3.6995773E-8	50	1.0361951	
7770	1.3871224E-6	2.7742447E-8	50	1.0271476	
7773.75	2.0463595E-6	4.092719E-8	50	1.0400578	
7777.5	2.69928E-6	5.39856E-8	50	1.0528495	
7781.25	1.9642839E-6	3.9285678E-8	50	1.0384668	
7785	1.8492522E-6	3.6985044E-8	50	1.0362215	
7788.75	-3.3123521E-7	-6.6247042E-9	50	0.99351075	
7792.5	-1.2569076E-6	-2.5138152E-8	50	0.97537085	
7796.25	1.1666743E-7	2.3333487E-9	50	1.0022866	
7800	1.095211E-6	2.1904219E-8	50	1.0214694	
7803.75	1.1643352E-6	2.3286704E-8	50	1.0228291	
7807.5	1.2380386E-6	2.4760772E-8	50	1.0242791	
7811.25	1.9344533E-6	3.8689066E-8	50	1.0379441	
7815	9.7390814E-7	1.9478163E-8	50	1.019107	
7818.75	1.3029341E-6	2.6058682E-8	50	1.0255673	
7822.5	2.7082786E-6	5.4165572E-8	50	1.0531549	
7826.25	3.373319E-6	6.7466381E-8	50	1.0662209	
7830	5.3652043E-6	1.0730409E-7	50	1.1053444	
7833.75	4.9134392E-6	9.8268783E-8	50	1.0964936	
7837.5	8.2926214E-7	1.6585243E-8	50	1.0162889	
7841.25	-6.8335453E-7	-1.3667091E-8	50	0.98657437	
7845	1.1534453E-6	2.3068905E-8	50	1.0226659	
7848.75	1.4111326E-6	2.8222652E-8	50	1.0277352	
7852.5	8.7449711E-7	1.7489942E-8	50	1.0171914	
7856.25	1.0687683E-6	2.1375366E-8	50	1.0210147	
7860	1.7615534E-6	3.5231068E-8	50	1.0346436	
7863.75	1.5917091E-6	3.1834183E-8	50	1.0313097	
7867.5	-1.1671716E-7	-2.3343432E-9	50	0.99770365	
7871.25	6.3945772E-7	1.2789154E-8	50	1.0125835	
7875	3.9608411E-6	7.9216821E-8	50	1.077959	
7878.75	1.4327321E-6	2.8654643E-8	50	1.0282054	
7882.5	-1.4706517E-6	-2.9413034E-8	50	0.97104224	
7886.25	5.1642497E-7	1.0328499E-8	50	1.0101707	
7890	1.7109616E-6	3.4219233E-8	50	1.0337032	
7893.75	7.2343475E-7	1.4468695E-8	50	1.0142534	
7897.5	1.8294424E-6	3.6588847E-8	50	1.0360518	
7901.25	2.3786473E-6	4.7572946E-8	50	1.0468842	
7905	2.2411035E-6	4.4822071E-8	50	1.0441821	
7908.75	1.9579515E-6	3.915903E-8	50	1.0386078	
7912.5	1.0283877E-6	2.0567754E-8	50	1.0202824	
7916.25	2.2913493E-6	4.5826987E-8	50	1.0452003	
7920	3.8256572E-6	7.6513144E-8	50	1.0754823	
7923.75	1.4013327E-6	2.8026655E-8	50	1.0276547	
7927.5	5.432212E-8	1.0864424E-9	50	1.0010722	
7931.25	2.1301579E-6	4.2603158E-8	50	1.042055	
7935	3.603095E-6	7.20619E-8	50	1.0711493	
7938.75	3.3492631E-6	6.6985262E-8	50	1.0661506	
7942.5	9.836145E-7	1.967229E-8	50	1.0194312	
7946.25	-1.9337527E-8	-3.8675055E-10	50	0.99961791	
7950	1.6848753E-6	3.3697506E-8	50	1.0332982	
7953.75	3.5028838E-6	7.0057676E-8	50	1.0692418	
7957.5	2.6747338E-6	5.3494676E-8	50	1.0528826	
7961.25	3.9569335E-6	7.9138671E-8	50	1.0782494	
7965	2.6439823E-6	5.2879646E-8	50	1.0522962	
7968.75	-4.0302243E-7	-8.0604485E-9	50	0.99202683	
7972.5	1.9495704E-6	3.8991408E-8	50	1.0385772	
7976.25	3.9883865E-6	7.976773E-8	50	1.0789368	
7980	3.05026E-6	6.10052E-8	50	1.0603823	
7983.75	1.9975132E-6	3.9950264E-8	50	1.0395506	
7987.5	1.0192441E-6	2.0384881E-8	50	1.0201851	
7991.25	2.8449684E-6	5.6899368E-8	50	1.0563536	
7995	2.3250884E-6	4.6501768E-8	50	1.0460653	
7998.75	-2.3623911E-7	-4.7247823E-9	50	0.99531859	
